image=images/powers/blast.png
#flare_sprite_packer_input=266 203 1 1 440 285 570 369 642 425 679 432 688 447
#flare_sprite_packer_output=440 1673 688 0 0 1673 0 1304 0 879 0 447 0 0


[power]
frames=6
duration=600ms
type=play_once
active_frame=all
frame=0,0,440,1673,266,203,133,104
frame=0,1,688,0,1,1,0,0
frame=0,2,688,0,1,1,0,0
frame=0,3,688,0,1,1,0,0
frame=0,4,688,0,1,1,0,0
frame=0,5,688,0,1,1,0,0
frame=0,6,688,0,1,1,0,0
frame=0,7,688,0,1,1,0,0
frame=1,0,0,1673,440,285,220,143
frame=1,1,688,0,1,1,0,0
frame=1,2,688,0,1,1,0,0
frame=1,3,688,0,1,1,0,0
frame=1,4,688,0,1,1,0,0
frame=1,5,688,0,1,1,0,0
frame=1,6,688,0,1,1,0,0
frame=1,7,688,0,1,1,0,0
frame=2,0,0,1304,570,369,287,193
frame=2,1,688,0,1,1,0,0
frame=2,2,688,0,1,1,0,0
frame=2,3,688,0,1,1,0,0
frame=2,4,688,0,1,1,0,0
frame=2,5,688,0,1,1,0,0
frame=2,6,688,0,1,1,0,0
frame=2,7,688,0,1,1,0,0
frame=3,0,0,879,642,425,328,213
frame=3,1,688,0,1,1,0,0
frame=3,2,688,0,1,1,0,0
frame=3,3,688,0,1,1,0,0
frame=3,4,688,0,1,1,0,0
frame=3,5,688,0,1,1,0,0
frame=3,6,688,0,1,1,0,0
frame=3,7,688,0,1,1,0,0
frame=4,0,0,447,679,432,355,230
frame=4,1,688,0,1,1,0,0
frame=4,2,688,0,1,1,0,0
frame=4,3,688,0,1,1,0,0
frame=4,4,688,0,1,1,0,0
frame=4,5,688,0,1,1,0,0
frame=4,6,688,0,1,1,0,0
frame=4,7,688,0,1,1,0,0
frame=5,0,0,0,688,447,344,240
frame=5,1,688,0,1,1,0,0
frame=5,2,688,0,1,1,0,0
frame=5,3,688,0,1,1,0,0
frame=5,4,688,0,1,1,0,0
frame=5,5,688,0,1,1,0,0
frame=5,6,688,0,1,1,0,0
frame=5,7,688,0,1,1,0,0
