#flare_sprite_packer_input=69 163 1 1 106 189 129 221 98 177 73 92 55 30
#flare_sprite_packer_output=129 0 198 0 0 221 0 0 106 255 129 163 0 410


image=images/loot/buckler.png

[power]
frames=6
duration=600ms
type=play_once
frame=0,0,129,0,69,163,11,193
frame=0,1,198,0,1,1,0,0
frame=0,2,198,0,1,1,0,0
frame=0,3,198,0,1,1,0,0
frame=0,4,198,0,1,1,0,0
frame=0,5,198,0,1,1,0,0
frame=0,6,198,0,1,1,0,0
frame=0,7,198,0,1,1,0,0
frame=1,0,0,221,106,189,20,225
frame=1,1,198,0,1,1,0,0
frame=1,2,198,0,1,1,0,0
frame=1,3,198,0,1,1,0,0
frame=1,4,198,0,1,1,0,0
frame=1,5,198,0,1,1,0,0
frame=1,6,198,0,1,1,0,0
frame=1,7,198,0,1,1,0,0
frame=2,0,0,0,129,221,23,262
frame=2,1,198,0,1,1,0,0
frame=2,2,198,0,1,1,0,0
frame=2,3,198,0,1,1,0,0
frame=2,4,198,0,1,1,0,0
frame=2,5,198,0,1,1,0,0
frame=2,6,198,0,1,1,0,0
frame=2,7,198,0,1,1,0,0
frame=3,0,106,255,98,177,17,212
frame=3,1,198,0,1,1,0,0
frame=3,2,198,0,1,1,0,0
frame=3,3,198,0,1,1,0,0
frame=3,4,198,0,1,1,0,0
frame=3,5,198,0,1,1,0,0
frame=3,6,198,0,1,1,0,0
frame=3,7,198,0,1,1,0,0
frame=4,0,129,163,73,92,21,97
frame=4,1,198,0,1,1,0,0
frame=4,2,198,0,1,1,0,0
frame=4,3,198,0,1,1,0,0
frame=4,4,198,0,1,1,0,0
frame=4,5,198,0,1,1,0,0
frame=4,6,198,0,1,1,0,0
frame=4,7,198,0,1,1,0,0
frame=5,0,0,410,55,30,27,17
frame=5,1,198,0,1,1,0,0
frame=5,2,198,0,1,1,0,0
frame=5,3,198,0,1,1,0,0
frame=5,4,198,0,1,1,0,0
frame=5,5,198,0,1,1,0,0
frame=5,6,198,0,1,1,0,0
frame=5,7,198,0,1,1,0,0
