#flare_sprite_packer_input=118 171 1 1 137 209 144 209 136 194 105 135 66 29
#flare_sprite_packer_output=144 0 262 0 0 209 0 0 137 306 144 171 0 418


image=images/loot/coins5.png

[power]
frames=6
duration=600ms
type=play_once
frame=0,0,144,0,118,171,24,201
frame=0,1,262,0,1,1,0,0
frame=0,2,262,0,1,1,0,0
frame=0,3,262,0,1,1,0,0
frame=0,4,262,0,1,1,0,0
frame=0,5,262,0,1,1,0,0
frame=0,6,262,0,1,1,0,0
frame=0,7,262,0,1,1,0,0
frame=1,0,0,209,137,209,27,246
frame=1,1,262,0,1,1,0,0
frame=1,2,262,0,1,1,0,0
frame=1,3,262,0,1,1,0,0
frame=1,4,262,0,1,1,0,0
frame=1,5,262,0,1,1,0,0
frame=1,6,262,0,1,1,0,0
frame=1,7,262,0,1,1,0,0
frame=2,0,0,0,144,209,29,250
frame=2,1,262,0,1,1,0,0
frame=2,2,262,0,1,1,0,0
frame=2,3,262,0,1,1,0,0
frame=2,4,262,0,1,1,0,0
frame=2,5,262,0,1,1,0,0
frame=2,6,262,0,1,1,0,0
frame=2,7,262,0,1,1,0,0
frame=3,0,137,306,136,194,32,214
frame=3,1,262,0,1,1,0,0
frame=3,2,262,0,1,1,0,0
frame=3,3,262,0,1,1,0,0
frame=3,4,262,0,1,1,0,0
frame=3,5,262,0,1,1,0,0
frame=3,6,262,0,1,1,0,0
frame=3,7,262,0,1,1,0,0
frame=4,0,144,171,105,135,35,121
frame=4,1,262,0,1,1,0,0
frame=4,2,262,0,1,1,0,0
frame=4,3,262,0,1,1,0,0
frame=4,4,262,0,1,1,0,0
frame=4,5,262,0,1,1,0,0
frame=4,6,262,0,1,1,0,0
frame=4,7,262,0,1,1,0,0
frame=5,0,0,418,66,29,36,15
frame=5,1,262,0,1,1,0,0
frame=5,2,262,0,1,1,0,0
frame=5,3,262,0,1,1,0,0
frame=5,4,262,0,1,1,0,0
frame=5,5,262,0,1,1,0,0
frame=5,6,262,0,1,1,0,0
frame=5,7,262,0,1,1,0,0
