#flare_sprite_packer_input=126 180 1 1 147 216 162 227 154 216 128 163 99 42
#flare_sprite_packer_output=0 227 0 407 254 216 0 0 162 0 126 227 126 390


image=images/loot/coins25.png

[power]
frames=6
duration=600ms
type=play_once
frame=0,0,0,227,126,180,31,212
frame=0,1,0,407,1,1,0,0
frame=0,2,0,407,1,1,0,0
frame=0,3,0,407,1,1,0,0
frame=0,4,0,407,1,1,0,0
frame=0,5,0,407,1,1,0,0
frame=0,6,0,407,1,1,0,0
frame=0,7,0,407,1,1,0,0
frame=1,0,254,216,147,216,32,255
frame=1,1,0,407,1,1,0,0
frame=1,2,0,407,1,1,0,0
frame=1,3,0,407,1,1,0,0
frame=1,4,0,407,1,1,0,0
frame=1,5,0,407,1,1,0,0
frame=1,6,0,407,1,1,0,0
frame=1,7,0,407,1,1,0,0
frame=2,0,0,0,162,227,34,261
frame=2,1,0,407,1,1,0,0
frame=2,2,0,407,1,1,0,0
frame=2,3,0,407,1,1,0,0
frame=2,4,0,407,1,1,0,0
frame=2,5,0,407,1,1,0,0
frame=2,6,0,407,1,1,0,0
frame=2,7,0,407,1,1,0,0
frame=3,0,162,0,154,216,39,228
frame=3,1,0,407,1,1,0,0
frame=3,2,0,407,1,1,0,0
frame=3,3,0,407,1,1,0,0
frame=3,4,0,407,1,1,0,0
frame=3,5,0,407,1,1,0,0
frame=3,6,0,407,1,1,0,0
frame=3,7,0,407,1,1,0,0
frame=4,0,126,227,128,163,46,142
frame=4,1,0,407,1,1,0,0
frame=4,2,0,407,1,1,0,0
frame=4,3,0,407,1,1,0,0
frame=4,4,0,407,1,1,0,0
frame=4,5,0,407,1,1,0,0
frame=4,6,0,407,1,1,0,0
frame=4,7,0,407,1,1,0,0
frame=5,0,126,390,99,42,48,21
frame=5,1,0,407,1,1,0,0
frame=5,2,0,407,1,1,0,0
frame=5,3,0,407,1,1,0,0
frame=5,4,0,407,1,1,0,0
frame=5,5,0,407,1,1,0,0
frame=5,6,0,407,1,1,0,0
frame=5,7,0,407,1,1,0,0
