#flare_sprite_packer_input=129 260 1 1 160 282 210 249 213 197 76 132 85 99
#flare_sprite_packer_output=0 282 0 988 0 0 0 542 0 791 129 282 129 414


image=images/loot/greatstaff.png

[power]
frames=6
duration=600ms
type=play_once
frame=0,0,0,282,129,260,33,258
frame=0,1,0,988,1,1,0,0
frame=0,2,0,988,1,1,0,0
frame=0,3,0,988,1,1,0,0
frame=0,4,0,988,1,1,0,0
frame=0,5,0,988,1,1,0,0
frame=0,6,0,988,1,1,0,0
frame=0,7,0,988,1,1,0,0
frame=1,0,0,0,160,282,38,290
frame=1,1,0,988,1,1,0,0
frame=1,2,0,988,1,1,0,0
frame=1,3,0,988,1,1,0,0
frame=1,4,0,988,1,1,0,0
frame=1,5,0,988,1,1,0,0
frame=1,6,0,988,1,1,0,0
frame=1,7,0,988,1,1,0,0
frame=2,0,0,542,210,249,82,294
frame=2,1,0,988,1,1,0,0
frame=2,2,0,988,1,1,0,0
frame=2,3,0,988,1,1,0,0
frame=2,4,0,988,1,1,0,0
frame=2,5,0,988,1,1,0,0
frame=2,6,0,988,1,1,0,0
frame=2,7,0,988,1,1,0,0
frame=3,0,0,791,213,197,85,218
frame=3,1,0,988,1,1,0,0
frame=3,2,0,988,1,1,0,0
frame=3,3,0,988,1,1,0,0
frame=3,4,0,988,1,1,0,0
frame=3,5,0,988,1,1,0,0
frame=3,6,0,988,1,1,0,0
frame=3,7,0,988,1,1,0,0
frame=4,0,129,282,76,132,33,112
frame=4,1,0,988,1,1,0,0
frame=4,2,0,988,1,1,0,0
frame=4,3,0,988,1,1,0,0
frame=4,4,0,988,1,1,0,0
frame=4,5,0,988,1,1,0,0
frame=4,6,0,988,1,1,0,0
frame=4,7,0,988,1,1,0,0
frame=5,0,129,414,85,99,55,53
frame=5,1,0,988,1,1,0,0
frame=5,2,0,988,1,1,0,0
frame=5,3,0,988,1,1,0,0
frame=5,4,0,988,1,1,0,0
frame=5,5,0,988,1,1,0,0
frame=5,6,0,988,1,1,0,0
frame=5,7,0,988,1,1,0,0
