#flare_sprite_packer_input=169 190 1 1 164 228 129 257 104 185 129 103 109 93
#flare_sprite_packer_output=0 0 0 447 169 0 0 190 129 228 233 228 233 331


image=images/loot/greatsword.png

[power]
frames=6
duration=600ms
type=play_once
frame=0,0,0,0,169,190,52,222
frame=0,1,0,447,1,1,0,0
frame=0,2,0,447,1,1,0,0
frame=0,3,0,447,1,1,0,0
frame=0,4,0,447,1,1,0,0
frame=0,5,0,447,1,1,0,0
frame=0,6,0,447,1,1,0,0
frame=0,7,0,447,1,1,0,0
frame=1,0,169,0,164,228,36,271
frame=1,1,0,447,1,1,0,0
frame=1,2,0,447,1,1,0,0
frame=1,3,0,447,1,1,0,0
frame=1,4,0,447,1,1,0,0
frame=1,5,0,447,1,1,0,0
frame=1,6,0,447,1,1,0,0
frame=1,7,0,447,1,1,0,0
frame=2,0,0,190,129,257,7,305
frame=2,1,0,447,1,1,0,0
frame=2,2,0,447,1,1,0,0
frame=2,3,0,447,1,1,0,0
frame=2,4,0,447,1,1,0,0
frame=2,5,0,447,1,1,0,0
frame=2,6,0,447,1,1,0,0
frame=2,7,0,447,1,1,0,0
frame=3,0,129,228,104,185,21,230
frame=3,1,0,447,1,1,0,0
frame=3,2,0,447,1,1,0,0
frame=3,3,0,447,1,1,0,0
frame=3,4,0,447,1,1,0,0
frame=3,5,0,447,1,1,0,0
frame=3,6,0,447,1,1,0,0
frame=3,7,0,447,1,1,0,0
frame=4,0,233,228,129,103,49,133
frame=4,1,0,447,1,1,0,0
frame=4,2,0,447,1,1,0,0
frame=4,3,0,447,1,1,0,0
frame=4,4,0,447,1,1,0,0
frame=4,5,0,447,1,1,0,0
frame=4,6,0,447,1,1,0,0
frame=4,7,0,447,1,1,0,0
frame=5,0,233,331,109,93,41,95
frame=5,1,0,447,1,1,0,0
frame=5,2,0,447,1,1,0,0
frame=5,3,0,447,1,1,0,0
frame=5,4,0,447,1,1,0,0
frame=5,5,0,447,1,1,0,0
frame=5,6,0,447,1,1,0,0
frame=5,7,0,447,1,1,0,0
