#flare_sprite_packer_input=115 163 1 1 180 230 143 295 197 182 128 132 146 56
#flare_sprite_packer_output=143 286 377 0 197 0 0 182 0 0 258 286 143 230


image=images/loot/greatbow.png

[power]
frames=6
duration=600ms
type=play_once
frame=0,0,143,286,115,163,22,193
frame=0,1,377,0,1,1,0,0
frame=0,2,377,0,1,1,0,0
frame=0,3,377,0,1,1,0,0
frame=0,4,377,0,1,1,0,0
frame=0,5,377,0,1,1,0,0
frame=0,6,377,0,1,1,0,0
frame=0,7,377,0,1,1,0,0
frame=1,0,197,0,180,230,52,259
frame=1,1,377,0,1,1,0,0
frame=1,2,377,0,1,1,0,0
frame=1,3,377,0,1,1,0,0
frame=1,4,377,0,1,1,0,0
frame=1,5,377,0,1,1,0,0
frame=1,6,377,0,1,1,0,0
frame=1,7,377,0,1,1,0,0
frame=2,0,0,182,143,295,29,319
frame=2,1,377,0,1,1,0,0
frame=2,2,377,0,1,1,0,0
frame=2,3,377,0,1,1,0,0
frame=2,4,377,0,1,1,0,0
frame=2,5,377,0,1,1,0,0
frame=2,6,377,0,1,1,0,0
frame=2,7,377,0,1,1,0,0
frame=3,0,0,0,197,182,69,219
frame=3,1,377,0,1,1,0,0
frame=3,2,377,0,1,1,0,0
frame=3,3,377,0,1,1,0,0
frame=3,4,377,0,1,1,0,0
frame=3,5,377,0,1,1,0,0
frame=3,6,377,0,1,1,0,0
frame=3,7,377,0,1,1,0,0
frame=4,0,258,286,128,132,41,124
frame=4,1,377,0,1,1,0,0
frame=4,2,377,0,1,1,0,0
frame=4,3,377,0,1,1,0,0
frame=4,4,377,0,1,1,0,0
frame=4,5,377,0,1,1,0,0
frame=4,6,377,0,1,1,0,0
frame=4,7,377,0,1,1,0,0
frame=5,0,143,230,146,56,78,37
frame=5,1,377,0,1,1,0,0
frame=5,2,377,0,1,1,0,0
frame=5,3,377,0,1,1,0,0
frame=5,4,377,0,1,1,0,0
frame=5,5,377,0,1,1,0,0
frame=5,6,377,0,1,1,0,0
frame=5,7,377,0,1,1,0,0
