#flare_sprite_packer_input=118 124 1 1 134 190 151 256 158 158 68 119 90 29
#flare_sprite_packer_output=0 256 0 380 186 158 0 0 151 0 118 256 186 348


image=images/loot/infantry_axe.png

[power]
frames=6
duration=600ms
type=play_once
frame=0,0,0,256,118,124,30,154
frame=0,1,0,380,1,1,0,0
frame=0,2,0,380,1,1,0,0
frame=0,3,0,380,1,1,0,0
frame=0,4,0,380,1,1,0,0
frame=0,5,0,380,1,1,0,0
frame=0,6,0,380,1,1,0,0
frame=0,7,0,380,1,1,0,0
frame=1,0,186,158,134,190,37,231
frame=1,1,0,380,1,1,0,0
frame=1,2,0,380,1,1,0,0
frame=1,3,0,380,1,1,0,0
frame=1,4,0,380,1,1,0,0
frame=1,5,0,380,1,1,0,0
frame=1,6,0,380,1,1,0,0
frame=1,7,0,380,1,1,0,0
frame=2,0,0,0,151,256,32,300
frame=2,1,0,380,1,1,0,0
frame=2,2,0,380,1,1,0,0
frame=2,3,0,380,1,1,0,0
frame=2,4,0,380,1,1,0,0
frame=2,5,0,380,1,1,0,0
frame=2,6,0,380,1,1,0,0
frame=2,7,0,380,1,1,0,0
frame=3,0,151,0,158,158,40,209
frame=3,1,0,380,1,1,0,0
frame=3,2,0,380,1,1,0,0
frame=3,3,0,380,1,1,0,0
frame=3,4,0,380,1,1,0,0
frame=3,5,0,380,1,1,0,0
frame=3,6,0,380,1,1,0,0
frame=3,7,0,380,1,1,0,0
frame=4,0,118,256,68,119,32,115
frame=4,1,0,380,1,1,0,0
frame=4,2,0,380,1,1,0,0
frame=4,3,0,380,1,1,0,0
frame=4,4,0,380,1,1,0,0
frame=4,5,0,380,1,1,0,0
frame=4,6,0,380,1,1,0,0
frame=4,7,0,380,1,1,0,0
frame=5,0,186,348,90,29,41,15
frame=5,1,0,380,1,1,0,0
frame=5,2,0,380,1,1,0,0
frame=5,3,0,380,1,1,0,0
frame=5,4,0,380,1,1,0,0
frame=5,5,0,380,1,1,0,0
frame=5,6,0,380,1,1,0,0
frame=5,7,0,380,1,1,0,0
