#flare_sprite_packer_input=124 165 1 1 145 193 150 229 130 198 86 116 70 44
#flare_sprite_packer_output=150 0 274 0 0 229 0 0 145 281 150 165 0 422


image=images/loot/leather_armor.png

[power]
frames=6
duration=600ms
type=play_once
frame=0,0,150,0,124,165,29,185
frame=0,1,274,0,1,1,0,0
frame=0,2,274,0,1,1,0,0
frame=0,3,274,0,1,1,0,0
frame=0,4,274,0,1,1,0,0
frame=0,5,274,0,1,1,0,0
frame=0,6,274,0,1,1,0,0
frame=0,7,274,0,1,1,0,0
frame=1,0,0,229,145,193,29,229
frame=1,1,274,0,1,1,0,0
frame=1,2,274,0,1,1,0,0
frame=1,3,274,0,1,1,0,0
frame=1,4,274,0,1,1,0,0
frame=1,5,274,0,1,1,0,0
frame=1,6,274,0,1,1,0,0
frame=1,7,274,0,1,1,0,0
frame=2,0,0,0,150,229,24,281
frame=2,1,274,0,1,1,0,0
frame=2,2,274,0,1,1,0,0
frame=2,3,274,0,1,1,0,0
frame=2,4,274,0,1,1,0,0
frame=2,5,274,0,1,1,0,0
frame=2,6,274,0,1,1,0,0
frame=2,7,274,0,1,1,0,0
frame=3,0,145,281,130,198,24,237
frame=3,1,274,0,1,1,0,0
frame=3,2,274,0,1,1,0,0
frame=3,3,274,0,1,1,0,0
frame=3,4,274,0,1,1,0,0
frame=3,5,274,0,1,1,0,0
frame=3,6,274,0,1,1,0,0
frame=3,7,274,0,1,1,0,0
frame=4,0,150,165,86,116,28,116
frame=4,1,274,0,1,1,0,0
frame=4,2,274,0,1,1,0,0
frame=4,3,274,0,1,1,0,0
frame=4,4,274,0,1,1,0,0
frame=4,5,274,0,1,1,0,0
frame=4,6,274,0,1,1,0,0
frame=4,7,274,0,1,1,0,0
frame=5,0,0,422,70,44,29,26
frame=5,1,274,0,1,1,0,0
frame=5,2,274,0,1,1,0,0
frame=5,3,274,0,1,1,0,0
frame=5,4,274,0,1,1,0,0
frame=5,5,274,0,1,1,0,0
frame=5,6,274,0,1,1,0,0
frame=5,7,274,0,1,1,0,0
