#flare_sprite_packer_input=139 147 1 1 164 183 151 281 91 229 80 113 78 57
#flare_sprite_packer_output=0 281 315 0 151 0 0 0 151 183 242 183 242 296


image=images/loot/maul.png

[power]
frames=6
duration=600ms
type=play_once
frame=0,0,0,281,139,147,37,176
frame=0,1,315,0,1,1,0,0
frame=0,2,315,0,1,1,0,0
frame=0,3,315,0,1,1,0,0
frame=0,4,315,0,1,1,0,0
frame=0,5,315,0,1,1,0,0
frame=0,6,315,0,1,1,0,0
frame=0,7,315,0,1,1,0,0
frame=1,0,151,0,164,183,36,209
frame=1,1,315,0,1,1,0,0
frame=1,2,315,0,1,1,0,0
frame=1,3,315,0,1,1,0,0
frame=1,4,315,0,1,1,0,0
frame=1,5,315,0,1,1,0,0
frame=1,6,315,0,1,1,0,0
frame=1,7,315,0,1,1,0,0
frame=2,0,0,0,151,281,23,292
frame=2,1,315,0,1,1,0,0
frame=2,2,315,0,1,1,0,0
frame=2,3,315,0,1,1,0,0
frame=2,4,315,0,1,1,0,0
frame=2,5,315,0,1,1,0,0
frame=2,6,315,0,1,1,0,0
frame=2,7,315,0,1,1,0,0
frame=3,0,151,183,91,229,9,231
frame=3,1,315,0,1,1,0,0
frame=3,2,315,0,1,1,0,0
frame=3,3,315,0,1,1,0,0
frame=3,4,315,0,1,1,0,0
frame=3,5,315,0,1,1,0,0
frame=3,6,315,0,1,1,0,0
frame=3,7,315,0,1,1,0,0
frame=4,0,242,183,80,113,37,94
frame=4,1,315,0,1,1,0,0
frame=4,2,315,0,1,1,0,0
frame=4,3,315,0,1,1,0,0
frame=4,4,315,0,1,1,0,0
frame=4,5,315,0,1,1,0,0
frame=4,6,315,0,1,1,0,0
frame=4,7,315,0,1,1,0,0
frame=5,0,242,296,78,57,43,29
frame=5,1,315,0,1,1,0,0
frame=5,2,315,0,1,1,0,0
frame=5,3,315,0,1,1,0,0
frame=5,4,315,0,1,1,0,0
frame=5,5,315,0,1,1,0,0
frame=5,6,315,0,1,1,0,0
frame=5,7,315,0,1,1,0,0
