#flare_sprite_packer_input=98 114 1 1 101 183 137 256 98 216 29 77 49 34
#flare_sprite_packer_output=0 256 0 399 137 0 0 0 137 183 98 256 1 370


image=images/loot/reinforced_club.png

[power]
frames=6
duration=600ms
type=play_once
frame=0,0,0,256,98,114,16,148
frame=0,1,0,399,1,1,0,0
frame=0,2,0,399,1,1,0,0
frame=0,3,0,399,1,1,0,0
frame=0,4,0,399,1,1,0,0
frame=0,5,0,399,1,1,0,0
frame=0,6,0,399,1,1,0,0
frame=0,7,0,399,1,1,0,0
frame=1,0,137,0,101,183,14,218
frame=1,1,0,399,1,1,0,0
frame=1,2,0,399,1,1,0,0
frame=1,3,0,399,1,1,0,0
frame=1,4,0,399,1,1,0,0
frame=1,5,0,399,1,1,0,0
frame=1,6,0,399,1,1,0,0
frame=1,7,0,399,1,1,0,0
frame=2,0,0,0,137,256,12,301
frame=2,1,0,399,1,1,0,0
frame=2,2,0,399,1,1,0,0
frame=2,3,0,399,1,1,0,0
frame=2,4,0,399,1,1,0,0
frame=2,5,0,399,1,1,0,0
frame=2,6,0,399,1,1,0,0
frame=2,7,0,399,1,1,0,0
frame=3,0,137,183,98,216,21,261
frame=3,1,0,399,1,1,0,0
frame=3,2,0,399,1,1,0,0
frame=3,3,0,399,1,1,0,0
frame=3,4,0,399,1,1,0,0
frame=3,5,0,399,1,1,0,0
frame=3,6,0,399,1,1,0,0
frame=3,7,0,399,1,1,0,0
frame=4,0,98,256,29,77,5,89
frame=4,1,0,399,1,1,0,0
frame=4,2,0,399,1,1,0,0
frame=4,3,0,399,1,1,0,0
frame=4,4,0,399,1,1,0,0
frame=4,5,0,399,1,1,0,0
frame=4,6,0,399,1,1,0,0
frame=4,7,0,399,1,1,0,0
frame=5,0,1,370,49,34,33,16
frame=5,1,0,399,1,1,0,0
frame=5,2,0,399,1,1,0,0
frame=5,3,0,399,1,1,0,0
frame=5,4,0,399,1,1,0,0
frame=5,5,0,399,1,1,0,0
frame=5,6,0,399,1,1,0,0
frame=5,7,0,399,1,1,0,0
