#flare_sprite_packer_input=62 127 1 1 66 158 97 184 69 147 39 65 18 13
#flare_sprite_packer_output=0 184 97 158 97 0 0 0 101 158 62 184 62 249


image=images/loot/ring.png

[power]
frames=6
duration=600ms
type=play_once
frame=0,0,0,184,62,127,9,165
frame=0,1,97,158,1,1,0,0
frame=0,2,97,158,1,1,0,0
frame=0,3,97,158,1,1,0,0
frame=0,4,97,158,1,1,0,0
frame=0,5,97,158,1,1,0,0
frame=0,6,97,158,1,1,0,0
frame=0,7,97,158,1,1,0,0
frame=1,0,97,0,66,158,8,208
frame=1,1,97,158,1,1,0,0
frame=1,2,97,158,1,1,0,0
frame=1,3,97,158,1,1,0,0
frame=1,4,97,158,1,1,0,0
frame=1,5,97,158,1,1,0,0
frame=1,6,97,158,1,1,0,0
frame=1,7,97,158,1,1,0,0
frame=2,0,0,0,97,184,7,247
frame=2,1,97,158,1,1,0,0
frame=2,2,97,158,1,1,0,0
frame=2,3,97,158,1,1,0,0
frame=2,4,97,158,1,1,0,0
frame=2,5,97,158,1,1,0,0
frame=2,6,97,158,1,1,0,0
frame=2,7,97,158,1,1,0,0
frame=3,0,101,158,69,147,8,195
frame=3,1,97,158,1,1,0,0
frame=3,2,97,158,1,1,0,0
frame=3,3,97,158,1,1,0,0
frame=3,4,97,158,1,1,0,0
frame=3,5,97,158,1,1,0,0
frame=3,6,97,158,1,1,0,0
frame=3,7,97,158,1,1,0,0
frame=4,0,62,184,39,65,9,81
frame=4,1,97,158,1,1,0,0
frame=4,2,97,158,1,1,0,0
frame=4,3,97,158,1,1,0,0
frame=4,4,97,158,1,1,0,0
frame=4,5,97,158,1,1,0,0
frame=4,6,97,158,1,1,0,0
frame=4,7,97,158,1,1,0,0
frame=5,0,62,249,18,13,9,8
frame=5,1,97,158,1,1,0,0
frame=5,2,97,158,1,1,0,0
frame=5,3,97,158,1,1,0,0
frame=5,4,97,158,1,1,0,0
frame=5,5,97,158,1,1,0,0
frame=5,6,97,158,1,1,0,0
frame=5,7,97,158,1,1,0,0
