#flare_sprite_packer_input=116 161 1 1 158 161 116 213 141 161 82 110 77 44
#flare_sprite_packer_output=116 161 299 0 0 0 0 161 158 0 232 161 232 271


image=images/loot/scroll.png

[power]
frames=6
duration=600ms
type=play_once
frame=0,0,116,161,116,161,39,183
frame=0,1,299,0,1,1,0,0
frame=0,2,299,0,1,1,0,0
frame=0,3,299,0,1,1,0,0
frame=0,4,299,0,1,1,0,0
frame=0,5,299,0,1,1,0,0
frame=0,6,299,0,1,1,0,0
frame=0,7,299,0,1,1,0,0
frame=1,0,0,0,158,161,44,202
frame=1,1,299,0,1,1,0,0
frame=1,2,299,0,1,1,0,0
frame=1,3,299,0,1,1,0,0
frame=1,4,299,0,1,1,0,0
frame=1,5,299,0,1,1,0,0
frame=1,6,299,0,1,1,0,0
frame=1,7,299,0,1,1,0,0
frame=2,0,0,161,116,213,13,260
frame=2,1,299,0,1,1,0,0
frame=2,2,299,0,1,1,0,0
frame=2,3,299,0,1,1,0,0
frame=2,4,299,0,1,1,0,0
frame=2,5,299,0,1,1,0,0
frame=2,6,299,0,1,1,0,0
frame=2,7,299,0,1,1,0,0
frame=3,0,158,0,141,161,44,191
frame=3,1,299,0,1,1,0,0
frame=3,2,299,0,1,1,0,0
frame=3,3,299,0,1,1,0,0
frame=3,4,299,0,1,1,0,0
frame=3,5,299,0,1,1,0,0
frame=3,6,299,0,1,1,0,0
frame=3,7,299,0,1,1,0,0
frame=4,0,232,161,82,110,31,102
frame=4,1,299,0,1,1,0,0
frame=4,2,299,0,1,1,0,0
frame=4,3,299,0,1,1,0,0
frame=4,4,299,0,1,1,0,0
frame=4,5,299,0,1,1,0,0
frame=4,6,299,0,1,1,0,0
frame=4,7,299,0,1,1,0,0
frame=5,0,232,271,77,44,38,26
frame=5,1,299,0,1,1,0,0
frame=5,2,299,0,1,1,0,0
frame=5,3,299,0,1,1,0,0
frame=5,4,299,0,1,1,0,0
frame=5,5,299,0,1,1,0,0
frame=5,6,299,0,1,1,0,0
frame=5,7,299,0,1,1,0,0
