#flare_sprite_packer_input=69 144 1 1 93 163 106 201 92 159 58 76 26 25
#flare_sprite_packer_output=106 0 175 0 0 201 0 0 93 220 106 144 0 364


image=images/loot/slingshot.png

[power]
frames=6
duration=600ms
type=play_once
frame=0,0,106,0,69,144,22,176
frame=0,1,175,0,1,1,0,0
frame=0,2,175,0,1,1,0,0
frame=0,3,175,0,1,1,0,0
frame=0,4,175,0,1,1,0,0
frame=0,5,175,0,1,1,0,0
frame=0,6,175,0,1,1,0,0
frame=0,7,175,0,1,1,0,0
frame=1,0,0,201,93,163,27,214
frame=1,1,175,0,1,1,0,0
frame=1,2,175,0,1,1,0,0
frame=1,3,175,0,1,1,0,0
frame=1,4,175,0,1,1,0,0
frame=1,5,175,0,1,1,0,0
frame=1,6,175,0,1,1,0,0
frame=1,7,175,0,1,1,0,0
frame=2,0,0,0,106,201,15,248
frame=2,1,175,0,1,1,0,0
frame=2,2,175,0,1,1,0,0
frame=2,3,175,0,1,1,0,0
frame=2,4,175,0,1,1,0,0
frame=2,5,175,0,1,1,0,0
frame=2,6,175,0,1,1,0,0
frame=2,7,175,0,1,1,0,0
frame=3,0,93,220,92,159,16,198
frame=3,1,175,0,1,1,0,0
frame=3,2,175,0,1,1,0,0
frame=3,3,175,0,1,1,0,0
frame=3,4,175,0,1,1,0,0
frame=3,5,175,0,1,1,0,0
frame=3,6,175,0,1,1,0,0
frame=3,7,175,0,1,1,0,0
frame=4,0,106,144,58,76,13,88
frame=4,1,175,0,1,1,0,0
frame=4,2,175,0,1,1,0,0
frame=4,3,175,0,1,1,0,0
frame=4,4,175,0,1,1,0,0
frame=4,5,175,0,1,1,0,0
frame=4,6,175,0,1,1,0,0
frame=4,7,175,0,1,1,0,0
frame=5,0,0,364,26,25,9,15
frame=5,1,175,0,1,1,0,0
frame=5,2,175,0,1,1,0,0
frame=5,3,175,0,1,1,0,0
frame=5,4,175,0,1,1,0,0
frame=5,5,175,0,1,1,0,0
frame=5,6,175,0,1,1,0,0
frame=5,7,175,0,1,1,0,0
