#flare_sprite_packer_input=93 218 1 1 212 162 169 282 90 256 54 154 84 75
#flare_sprite_packer_output=0 154 0 0 139 0 183 162 93 162 85 0 1 0


image=images/loot/staff.png

[power]
frames=6
duration=600ms
type=play_once
frame=0,0,0,154,93,218,34,224
frame=0,1,0,0,1,1,0,0
frame=0,2,0,0,1,1,0,0
frame=0,3,0,0,1,1,0,0
frame=0,4,0,0,1,1,0,0
frame=0,5,0,0,1,1,0,0
frame=0,6,0,0,1,1,0,0
frame=0,7,0,0,1,1,0,0
frame=1,0,139,0,212,162,84,222
frame=1,1,0,0,1,1,0,0
frame=1,2,0,0,1,1,0,0
frame=1,3,0,0,1,1,0,0
frame=1,4,0,0,1,1,0,0
frame=1,5,0,0,1,1,0,0
frame=1,6,0,0,1,1,0,0
frame=1,7,0,0,1,1,0,0
frame=2,0,183,162,169,282,41,314
frame=2,1,0,0,1,1,0,0
frame=2,2,0,0,1,1,0,0
frame=2,3,0,0,1,1,0,0
frame=2,4,0,0,1,1,0,0
frame=2,5,0,0,1,1,0,0
frame=2,6,0,0,1,1,0,0
frame=2,7,0,0,1,1,0,0
frame=3,0,93,162,90,256,15,260
frame=3,1,0,0,1,1,0,0
frame=3,2,0,0,1,1,0,0
frame=3,3,0,0,1,1,0,0
frame=3,4,0,0,1,1,0,0
frame=3,5,0,0,1,1,0,0
frame=3,6,0,0,1,1,0,0
frame=3,7,0,0,1,1,0,0
frame=4,0,85,0,54,154,20,131
frame=4,1,0,0,1,1,0,0
frame=4,2,0,0,1,1,0,0
frame=4,3,0,0,1,1,0,0
frame=4,4,0,0,1,1,0,0
frame=4,5,0,0,1,1,0,0
frame=4,6,0,0,1,1,0,0
frame=4,7,0,0,1,1,0,0
frame=5,0,1,0,84,75,40,38
frame=5,1,0,0,1,1,0,0
frame=5,2,0,0,1,1,0,0
frame=5,3,0,0,1,1,0,0
frame=5,4,0,0,1,1,0,0
frame=5,5,0,0,1,1,0,0
frame=5,6,0,0,1,1,0,0
frame=5,7,0,0,1,1,0,0
