#flare_sprite_packer_input=90 77 59 102 37 106 89 91 99 66 69 71 33 75 82 66 91 78 60 101 39 108 87 94 98 67 69 70 31 76 76 66 90 81 59 102 39 107 86 94 97 68 68 67 31 73 77 68 87 83 55 103 42 108 87 91 100 66 64 67 35 69 82 67 90 78 68 101 30 110 78 102 98 77 77 70 30 73 72 71 102 60 46 71 32 98 84 83 99 58 72 81 28 87 82 71 89 62 55 67 37 74 83 61 76 73 61 97 39 91 83 84 96 63 52 62 26 75 78 64 91 69 68 94 21 88 79 89 99 60 81 73 30 86 69 79 97 54 81 80 31 95 67 79 86 69 62 89 28 110 66 105 94 83 90 68 43 72 59 69 49 86 59 110 35 119 54 118 80 105 77 88 51 83 40 81 78 84 69 105 32 118 66 111 95 92 83 76 40 77 54 77 116 103 88 129 47 139 102 122 120 100 85 127 41 138 106 119 107 119 93 106 42 111 79 109 92 115 76 138 40 150 60 140 66 101 42 116 42 116 73 108 78 90 59 81 32 79 60 82 92 51 75 47 21 58 62 53 86 44 72 71 23 83 63 75 96 64 51 64 35 96 83 81 101 56 68 74 31 83 81 61 55 48 55 77 36 86 83 70 96 50 63 74 30 80 83 52 85 50 41 73 53 72 89 48 86 67 42 86 41 82 94 61 69 52 21 46 57 50 76 63 60 84 20 94 62 74 85 64 45 43 26 47 45 45 63 57 52 77 17 86 44 65 75 62 55 34 21 35 42 36 60 48 48 67 14 76 41 55 61 51 19 19 31 23 28 32 12 39 19 37 31 29 9 7 6 8 64 30 79 17 47 39 24 44 68 30 72 19 38 32 20 37 54 109 61 122 42 133 49 136 72 127 76 113 70 103 41 100 82 120 47 121 88 121 83 141 61 159 49 160 94 150 103 128 65 123 72 121 102 123 90 149 48 163 67 158 105 139 104 119 44 119 84 117 88 133 69 155 48 161 77 148 107 128 87 116 43 88 50 88 66 99 60 114 32 124 55 123 85 110 80 92 42 120 47 133 43 140 45 142 65 141 75 131 61 122 45 115 45 136 43 139 67 133 78 124 55 108 21 107 41 107 56 126 102 84 73 108 36 120 85 109 106 81 80 83 31 94 79 81
#flare_sprite_packer_output=345 616 133 934 1202 264 1327 141 454 494 565 866 927 721 141 868 319 862 251 934 902 341 435 614 1104 341 1048 716 1302 629 1028 424 1326 294 192 934 579 759 903 241 1104 408 780 469 1104 786 216 691 1239 350 78 932 989 241 1239 259 1133 198 1293 782 1278 916 634 896 1326 375 290 761 768 242 0 934 1104 264 639 826 1248 918 960 766 930 181 1202 918 1091 537 767 646 1104 476 841 729 410 853 761 893 1327 232 1092 936 1202 370 1123 618 1028 351 1030 537 626 650 1123 534 1239 502 553 495 1005 889 138 695 752 964 562 937 902 641 438 759 681 476 630 963 596 673 527 680 425 560 1335 501 424 940 843 891 1239 433 517 759 768 536 702 536 1233 115 345 693 276 862 1357 779 848 446 796 536 310 560 774 122 345 511 438 848 851 646 923 640 639 742 833 341 798 240 767 358 1138 106 1333 581 1293 705 1093 859 1050 0 304 128 183 279 726 0 930 0 305 257 392 128 516 0 409 0 1166 0 986 349 141 759 1259 0 107 291 67 299 118 429 964 541 681 360 564 557 830 233 311 940 969 460 910 891 1031 634 435 708 1028 490 1361 919 1198 865 1121 679 1032 786 918 808 942 889 1237 565 1147 858 389 940 758 729 1032 187 963 642 897 449 1117 723 1260 868 1147 922 1203 444 1333 657 1206 629 1135 784 1091 635 1333 727 963 716 711 963 223 862 1325 453 1207 679 665 656 928 450 1233 198 941 837 1010 837 969 981 605 473 707 641 1273 746 1031 857 843 970 716 920 1205 989 1231 991 1198 808 293 679 913 123 1315 868 1198 746 1150 999 1382 919 1276 1000 1026 982 1313 933 913 729 928 981 1031 931 1397 887 1361 977 317 511 1261 808 941 796 270 525 564 673 1086 982 1086 1003 942 964 1359 848 425 511 1318 1000 1278 849 1359 887 118 569 855 532 390 266 518 240 221 418 317 384 605 360 220 759 455 936 692 122 526 373 433 119 90 150 0 612 69 449 0 0 306 0 389 388 454 373 828 0 0 150 0 771 0 299 94 0 622 0 723 351 608 119 216 128 0 457 48 771 61 612 199 0 521 119 716 832 515 848 496 936 606 536 573 371 194 568 828 123 358 761 522 560 270 392 173 139 96 760 1351 0 230 261 249 554 941 335 560 235 178 429 451 240 605 236 909 532 618 759 717 725 138 569 1036 103 1031 243 666 536 683 242 930 100 759 810 1206 530 839 810


image=images/avatar/male/rod.png

[stance]
frames=4
duration=800ms
type=back_forth
frame=0,0,345,616,90,77,31,116
frame=0,1,133,934,59,102,-15,118
frame=0,2,1202,264,37,106,-39,102
frame=0,3,1327,141,89,91,2,79
frame=0,4,454,494,99,66,43,61
frame=0,5,565,866,69,71,61,65
frame=0,6,927,721,33,75,58,85
frame=0,7,141,868,82,66,62,99
frame=1,0,319,862,91,78,32,117
frame=1,1,251,934,60,101,-15,119
frame=1,2,902,341,39,108,-40,104
frame=1,3,435,614,87,94,0,80
frame=1,4,1104,341,98,67,42,62
frame=1,5,1048,716,69,70,61,64
frame=1,6,1302,629,31,76,58,84
frame=1,7,1028,424,76,66,62,100
frame=2,0,1326,294,90,81,33,119
frame=2,1,192,934,59,102,-14,121
frame=2,2,579,759,39,107,-41,105
frame=2,3,903,241,86,94,-2,81
frame=2,4,1104,408,97,68,40,63
frame=2,5,780,469,68,67,60,61
frame=2,6,1104,786,31,73,59,81
frame=2,7,216,691,77,68,64,101
frame=3,0,1239,350,87,83,34,119
frame=3,1,78,932,55,103,-13,121
frame=3,2,989,241,42,108,-37,106
frame=3,3,1239,259,87,91,-2,81
frame=3,4,1133,198,100,66,37,62
frame=3,5,1293,782,64,67,56,60
frame=3,6,1278,916,35,69,59,78
frame=3,7,634,896,82,67,65,100

[run]
frames=8
duration=533ms
type=looped
frame=0,0,1326,375,90,78,57,111
frame=0,1,290,761,68,101,20,125
frame=0,2,768,242,30,110,-25,122
frame=0,3,0,934,78,102,-8,104
frame=0,4,1104,264,98,77,17,82
frame=0,5,639,826,77,70,34,67
frame=0,6,1248,918,30,73,34,72
frame=0,7,960,766,72,71,61,88
frame=1,0,930,181,102,60,40,96
frame=1,1,1202,918,46,71,-17,87
frame=1,2,1091,537,32,98,-24,97
frame=1,3,767,646,84,83,10,80
frame=1,4,1104,476,99,58,39,63
frame=1,5,841,729,72,81,48,76
frame=1,6,410,853,28,87,37,87
frame=1,7,761,893,82,71,53,90
frame=2,0,1327,232,89,62,9,95
frame=2,1,1092,936,55,67,-21,77
frame=2,2,1202,370,37,74,-17,69
frame=2,3,1123,618,83,61,29,58
frame=2,4,1028,351,76,73,59,75
frame=2,5,1030,537,61,97,57,97
frame=2,6,626,650,39,91,38,100
frame=2,7,1123,534,83,84,36,112
frame=3,0,1239,502,96,63,25,93
frame=3,1,553,495,52,62,-22,76
frame=3,2,1005,889,26,75,-21,73
frame=3,3,138,695,78,64,21,61
frame=3,4,752,964,91,69,51,70
frame=3,5,562,937,68,94,54,90
frame=3,6,902,641,21,88,33,92
frame=3,7,438,759,79,89,39,107
frame=4,0,681,476,99,60,46,88
frame=4,1,630,963,81,73,20,91
frame=4,2,596,673,30,86,-15,90
frame=4,3,527,680,69,79,6,78
frame=4,4,425,560,97,54,33,61
frame=4,5,1335,501,81,80,44,76
frame=4,6,424,940,31,95,30,90
frame=4,7,843,891,67,79,48,88
frame=5,0,1239,433,86,69,66,101
frame=5,1,517,759,62,89,38,121
frame=5,2,768,536,28,110,-14,125
frame=5,3,702,536,66,105,-15,111
frame=5,4,1233,115,94,83,5,87
frame=5,5,345,693,90,68,24,67
frame=5,6,276,862,43,72,30,64
frame=5,7,1357,779,59,69,58,77
frame=6,0,848,446,49,86,66,119
frame=6,1,796,536,59,110,41,140
frame=6,2,310,560,35,119,-6,145
frame=6,3,774,122,54,118,-28,132
frame=6,4,345,511,80,105,-17,109
frame=6,5,438,848,77,88,6,89
frame=6,6,851,646,51,83,27,83
frame=6,7,923,640,40,81,55,96
frame=7,0,639,742,78,84,64,115
frame=7,1,833,341,69,105,32,134
frame=7,2,798,240,32,118,-16,135
frame=7,3,767,358,66,111,-20,119
frame=7,4,1138,106,95,92,0,95
frame=7,5,1333,581,83,76,21,77
frame=7,6,1293,705,40,77,33,75
frame=7,7,1093,859,54,77,60,91

[swing]
frames=4
duration=400ms
type=play_once
frame=0,0,1050,0,116,103,41,154
frame=0,1,304,128,88,129,4,162
frame=0,2,183,279,47,139,-22,154
frame=0,3,726,0,102,122,10,136
frame=0,4,930,0,120,100,39,122
frame=0,5,305,257,85,127,47,138
frame=0,6,392,128,41,138,40,153
frame=0,7,516,0,106,119,56,157
frame=1,0,409,0,107,119,71,166
frame=1,1,1166,0,93,106,28,164
frame=1,2,986,349,42,111,-30,153
frame=1,3,141,759,79,109,-27,139
frame=1,4,1259,0,92,115,-6,130
frame=1,5,107,291,76,138,23,132
frame=1,6,67,299,40,150,40,143
frame=1,7,118,429,60,140,74,157
frame=2,0,964,541,66,101,112,125
frame=2,1,681,360,42,116,60,159
frame=2,2,564,557,42,116,-18,164
frame=2,3,830,233,73,108,-55,139
frame=2,4,311,940,78,90,-61,96
frame=2,5,969,460,59,81,-29,63
frame=2,6,910,891,32,79,33,56
frame=2,7,1031,634,60,82,100,82
frame=3,0,435,708,92,51,107,72
frame=3,1,1028,490,75,47,60,85
frame=3,2,1361,919,21,58,-24,88
frame=3,3,1198,865,62,53,-42,68
frame=3,4,1121,679,86,44,-30,41
frame=3,5,1032,786,72,71,2,34
frame=3,6,918,808,23,83,34,40
frame=3,7,942,889,63,75,94,56

[block]
frames=2
duration=66ms
type=play_once
frame=0,0,1237,565,96,64,28,101
frame=0,1,1147,858,51,64,-26,78
frame=0,2,389,940,35,96,-35,88
frame=0,3,758,729,83,81,9,67
frame=0,4,1032,187,101,56,50,51
frame=0,5,963,642,68,74,64,67
frame=0,6,897,449,31,83,53,88
frame=0,7,1117,723,81,61,56,90
frame=1,0,1260,868,55,48,-14,81
frame=1,1,1147,922,55,77,-19,86
frame=1,2,1203,444,36,86,-31,77
frame=1,3,1333,657,83,70,14,57
frame=1,4,1206,629,96,50,52,43
frame=1,5,1135,784,63,74,61,65
frame=1,6,1091,635,30,80,51,84
frame=1,7,1333,727,83,52,54,77

[hit]
frames=2
duration=133ms
type=play_once
frame=0,0,963,716,85,50,25,82
frame=0,1,711,963,41,73,-23,82
frame=0,2,223,862,53,72,-22,65
frame=0,3,1325,453,89,48,16,41
frame=0,4,1207,679,86,67,47,51
frame=0,5,665,656,42,86,52,70
frame=0,6,928,450,41,82,63,85
frame=0,7,1233,198,94,61,60,88
frame=1,0,941,837,69,52,11,79
frame=1,1,1010,837,21,46,-32,63
frame=1,2,969,981,57,50,-13,52
frame=1,3,605,473,76,63,19,52
frame=1,4,707,641,60,84,42,63
frame=1,5,1273,746,20,94,42,79
frame=1,6,1031,857,62,74,62,78
frame=1,7,843,970,85,64,50,90

[die]
frames=6
duration=800ms
type=play_once
frame=0,0,963,716,85,50,25,82
frame=0,1,711,963,41,73,-23,82
frame=0,2,223,862,53,72,-22,65
frame=0,3,1325,453,89,48,16,41
frame=0,4,1207,679,86,67,47,51
frame=0,5,665,656,42,86,52,70
frame=0,6,928,450,41,82,63,85
frame=0,7,1233,198,94,61,60,88
frame=1,0,941,837,69,52,11,79
frame=1,1,1010,837,21,46,-32,63
frame=1,2,969,981,57,50,-13,52
frame=1,3,605,473,76,63,19,52
frame=1,4,707,641,60,84,42,63
frame=1,5,1273,746,20,94,42,79
frame=1,6,1031,857,62,74,62,78
frame=1,7,843,970,85,64,50,90
frame=2,0,716,920,45,43,8,73
frame=2,1,1205,989,26,47,-30,58
frame=2,2,1231,991,45,45,-19,45
frame=2,3,1198,808,63,57,12,43
frame=2,4,293,679,52,77,37,51
frame=2,5,913,123,17,86,42,66
frame=2,6,1315,868,44,65,60,64
frame=2,7,1198,746,75,62,48,82
frame=3,0,1150,999,55,34,9,59
frame=3,1,1382,919,21,35,-33,43
frame=3,2,1276,1000,42,36,-20,30
frame=3,3,1026,982,60,48,12,27
frame=3,4,1313,933,48,67,39,36
frame=3,5,913,729,14,76,45,52
frame=3,6,928,981,41,55,62,51
frame=3,7,1031,931,61,51,48,68
frame=4,0,1397,887,19,19,-25,30
frame=4,1,1361,977,31,23,-24,18
frame=4,2,317,511,28,32,-7,10
frame=4,3,1261,808,12,39,16,11
frame=4,4,941,796,19,37,44,19
frame=4,5,270,525,31,29,55,31
frame=4,6,564,673,9,7,17,39
frame=4,7,1086,982,6,8,-10,39
frame=5,0,1086,1003,64,30,-27,40
frame=5,1,942,964,79,17,-25,6
frame=5,2,1359,848,47,39,-12,-3
frame=5,3,425,511,24,44,27,-5
frame=5,4,1318,1000,68,30,89,3
frame=5,5,1278,849,72,19,102,24
frame=5,6,1359,887,38,32,58,55
frame=5,7,118,569,20,37,-8,62

[cast]
frames=4
duration=400ms
type=play_once
frame=0,0,855,532,54,109,31,163
frame=0,1,390,266,61,122,-10,165
frame=0,2,518,240,42,133,-43,153
frame=0,3,221,418,49,136,-42,132
frame=0,4,317,384,72,127,4,115
frame=0,5,605,360,76,113,50,113
frame=0,6,220,759,70,103,69,126
frame=0,7,455,936,41,100,57,146
frame=1,0,692,122,82,120,29,179
frame=1,1,526,373,47,121,-13,176
frame=1,2,433,119,88,121,-20,168
frame=1,3,90,150,83,141,-13,159
frame=1,4,0,612,61,159,5,155
frame=1,5,69,449,49,160,32,159
frame=1,6,0,0,94,150,69,168
frame=1,7,306,0,103,128,68,176
frame=2,0,389,388,65,123,-3,175
frame=2,1,454,373,72,121,-22,166
frame=2,2,828,0,102,123,-12,157
frame=2,3,0,150,90,149,7,154
frame=2,4,0,771,48,163,25,159
frame=2,5,0,299,67,158,58,168
frame=2,6,94,0,105,139,74,177
frame=2,7,622,0,104,119,49,180
frame=3,0,723,351,44,119,-23,170
frame=3,1,608,119,84,117,-24,158
frame=3,2,216,128,88,133,-8,150
frame=3,3,0,457,69,155,16,150
frame=3,4,48,771,48,161,35,158
frame=3,5,61,612,77,148,71,170
frame=3,6,199,0,107,128,67,178
frame=3,7,521,119,87,116,26,178

[shoot]
frames=4
duration=400ms
type=play_once
frame=0,0,716,832,43,88,18,106
frame=0,1,515,848,50,88,35,115
frame=0,2,496,936,66,99,36,128
frame=0,3,606,536,60,114,18,137
frame=0,4,573,371,32,124,-11,138
frame=0,5,194,568,55,123,-7,129
frame=0,6,828,123,85,110,12,116
frame=0,7,358,761,80,92,26,106
frame=1,0,522,560,42,120,11,164
frame=1,1,270,392,47,133,0,165
frame=1,2,173,139,43,140,-9,161
frame=1,3,96,760,45,142,-8,156
frame=1,4,1351,0,65,141,12,152
frame=1,5,230,261,75,131,28,151
frame=1,6,249,554,61,122,29,154
frame=1,7,941,335,45,115,18,160
frame=2,0,560,235,45,136,-19,177
frame=2,1,178,429,43,139,-54,160
frame=2,2,451,240,67,133,-34,135
frame=2,3,605,236,78,124,7,117
frame=2,4,909,532,55,108,46,115
frame=2,5,618,759,21,107,63,133
frame=2,6,717,725,41,107,65,158
frame=2,7,138,569,56,126,31,176
frame=3,0,1036,103,102,84,25,135
frame=3,1,1031,243,73,108,-20,134
frame=3,2,666,536,36,120,-49,118
frame=3,3,683,242,85,109,0,95
frame=3,4,930,100,106,81,51,80
frame=3,5,759,810,80,83,74,85
frame=3,6,1206,530,31,94,59,110
frame=3,7,839,810,79,81,58,120
