#flare_sprite_packer_input=142 135 1 1 171 189 167 272 107 225 84 111 93 50
#flare_sprite_packer_output=0 272 0 407 167 0 0 0 235 189 142 272 142 383


image=images/loot/battle_axe.png

[power]
frames=6
duration=600ms
type=play_once
frame=0,0,0,272,142,135,45,153
frame=0,1,0,407,1,1,0,0
frame=0,2,0,407,1,1,0,0
frame=0,3,0,407,1,1,0,0
frame=0,4,0,407,1,1,0,0
frame=0,5,0,407,1,1,0,0
frame=0,6,0,407,1,1,0,0
frame=0,7,0,407,1,1,0,0
frame=1,0,167,0,171,189,48,222
frame=1,1,0,407,1,1,0,0
frame=1,2,0,407,1,1,0,0
frame=1,3,0,407,1,1,0,0
frame=1,4,0,407,1,1,0,0
frame=1,5,0,407,1,1,0,0
frame=1,6,0,407,1,1,0,0
frame=1,7,0,407,1,1,0,0
frame=2,0,0,0,167,272,39,315
frame=2,1,0,407,1,1,0,0
frame=2,2,0,407,1,1,0,0
frame=2,3,0,407,1,1,0,0
frame=2,4,0,407,1,1,0,0
frame=2,5,0,407,1,1,0,0
frame=2,6,0,407,1,1,0,0
frame=2,7,0,407,1,1,0,0
frame=3,0,235,189,107,225,12,251
frame=3,1,0,407,1,1,0,0
frame=3,2,0,407,1,1,0,0
frame=3,3,0,407,1,1,0,0
frame=3,4,0,407,1,1,0,0
frame=3,5,0,407,1,1,0,0
frame=3,6,0,407,1,1,0,0
frame=3,7,0,407,1,1,0,0
frame=4,0,142,272,84,111,33,100
frame=4,1,0,407,1,1,0,0
frame=4,2,0,407,1,1,0,0
frame=4,3,0,407,1,1,0,0
frame=4,4,0,407,1,1,0,0
frame=4,5,0,407,1,1,0,0
frame=4,6,0,407,1,1,0,0
frame=4,7,0,407,1,1,0,0
frame=5,0,142,383,93,50,50,25
frame=5,1,0,407,1,1,0,0
frame=5,2,0,407,1,1,0,0
frame=5,3,0,407,1,1,0,0
frame=5,4,0,407,1,1,0,0
frame=5,5,0,407,1,1,0,0
frame=5,6,0,407,1,1,0,0
frame=5,7,0,407,1,1,0,0
