#flare_sprite_packer_input=79 149 1 1 92 155 111 171 100 126 61 72 37 40
#flare_sprite_packer_output=111 0 190 0 0 171 0 0 92 221 111 149 0 326


image=images/loot/boots.png

[power]
frames=6
duration=600ms
type=play_once
frame=0,0,111,0,79,149,27,160
frame=0,1,190,0,1,1,0,0
frame=0,2,190,0,1,1,0,0
frame=0,3,190,0,1,1,0,0
frame=0,4,190,0,1,1,0,0
frame=0,5,190,0,1,1,0,0
frame=0,6,190,0,1,1,0,0
frame=0,7,190,0,1,1,0,0
frame=1,0,0,171,92,155,29,177
frame=1,1,190,0,1,1,0,0
frame=1,2,190,0,1,1,0,0
frame=1,3,190,0,1,1,0,0
frame=1,4,190,0,1,1,0,0
frame=1,5,190,0,1,1,0,0
frame=1,6,190,0,1,1,0,0
frame=1,7,190,0,1,1,0,0
frame=2,0,0,0,111,171,28,204
frame=2,1,190,0,1,1,0,0
frame=2,2,190,0,1,1,0,0
frame=2,3,190,0,1,1,0,0
frame=2,4,190,0,1,1,0,0
frame=2,5,190,0,1,1,0,0
frame=2,6,190,0,1,1,0,0
frame=2,7,190,0,1,1,0,0
frame=3,0,92,221,100,126,35,149
frame=3,1,190,0,1,1,0,0
frame=3,2,190,0,1,1,0,0
frame=3,3,190,0,1,1,0,0
frame=3,4,190,0,1,1,0,0
frame=3,5,190,0,1,1,0,0
frame=3,6,190,0,1,1,0,0
frame=3,7,190,0,1,1,0,0
frame=4,0,111,149,61,72,34,67
frame=4,1,190,0,1,1,0,0
frame=4,2,190,0,1,1,0,0
frame=4,3,190,0,1,1,0,0
frame=4,4,190,0,1,1,0,0
frame=4,5,190,0,1,1,0,0
frame=4,6,190,0,1,1,0,0
frame=4,7,190,0,1,1,0,0
frame=5,0,0,326,37,40,25,22
frame=5,1,190,0,1,1,0,0
frame=5,2,190,0,1,1,0,0
frame=5,3,190,0,1,1,0,0
frame=5,4,190,0,1,1,0,0
frame=5,5,190,0,1,1,0,0
frame=5,6,190,0,1,1,0,0
frame=5,7,190,0,1,1,0,0
