#flare_sprite_packer_input=85 151 1 1 113 183 139 219 119 182 81 92 58 34
#flare_sprite_packer_output=139 0 224 0 119 243 0 0 0 219 139 151 0 401


image=images/loot/clothes.png

[power]
frames=6
duration=600ms
type=play_once
frame=0,0,139,0,85,151,19,181
frame=0,1,224,0,1,1,0,0
frame=0,2,224,0,1,1,0,0
frame=0,3,224,0,1,1,0,0
frame=0,4,224,0,1,1,0,0
frame=0,5,224,0,1,1,0,0
frame=0,6,224,0,1,1,0,0
frame=0,7,224,0,1,1,0,0
frame=1,0,119,243,113,183,25,225
frame=1,1,224,0,1,1,0,0
frame=1,2,224,0,1,1,0,0
frame=1,3,224,0,1,1,0,0
frame=1,4,224,0,1,1,0,0
frame=1,5,224,0,1,1,0,0
frame=1,6,224,0,1,1,0,0
frame=1,7,224,0,1,1,0,0
frame=2,0,0,0,139,219,28,266
frame=2,1,224,0,1,1,0,0
frame=2,2,224,0,1,1,0,0
frame=2,3,224,0,1,1,0,0
frame=2,4,224,0,1,1,0,0
frame=2,5,224,0,1,1,0,0
frame=2,6,224,0,1,1,0,0
frame=2,7,224,0,1,1,0,0
frame=3,0,0,219,119,182,26,213
frame=3,1,224,0,1,1,0,0
frame=3,2,224,0,1,1,0,0
frame=3,3,224,0,1,1,0,0
frame=3,4,224,0,1,1,0,0
frame=3,5,224,0,1,1,0,0
frame=3,6,224,0,1,1,0,0
frame=3,7,224,0,1,1,0,0
frame=4,0,139,151,81,92,26,97
frame=4,1,224,0,1,1,0,0
frame=4,2,224,0,1,1,0,0
frame=4,3,224,0,1,1,0,0
frame=4,4,224,0,1,1,0,0
frame=4,5,224,0,1,1,0,0
frame=4,6,224,0,1,1,0,0
frame=4,7,224,0,1,1,0,0
frame=5,0,0,401,58,34,29,21
frame=5,1,224,0,1,1,0,0
frame=5,2,224,0,1,1,0,0
frame=5,3,224,0,1,1,0,0
frame=5,4,224,0,1,1,0,0
frame=5,5,224,0,1,1,0,0
frame=5,6,224,0,1,1,0,0
frame=5,7,224,0,1,1,0,0
