#flare_sprite_packer_input=97 125 1 1 117 175 136 255 64 204 55 88 47 36
#flare_sprite_packer_output=200 175 0 291 200 0 0 0 136 0 136 204 0 255


image=images/loot/hand_axe.png

[power]
frames=6
duration=600ms
type=play_once
frame=0,0,200,175,97,125,16,147
frame=0,1,0,291,1,1,0,0
frame=0,2,0,291,1,1,0,0
frame=0,3,0,291,1,1,0,0
frame=0,4,0,291,1,1,0,0
frame=0,5,0,291,1,1,0,0
frame=0,6,0,291,1,1,0,0
frame=0,7,0,291,1,1,0,0
frame=1,0,200,0,117,175,17,212
frame=1,1,0,291,1,1,0,0
frame=1,2,0,291,1,1,0,0
frame=1,3,0,291,1,1,0,0
frame=1,4,0,291,1,1,0,0
frame=1,5,0,291,1,1,0,0
frame=1,6,0,291,1,1,0,0
frame=1,7,0,291,1,1,0,0
frame=2,0,0,0,136,255,10,301
frame=2,1,0,291,1,1,0,0
frame=2,2,0,291,1,1,0,0
frame=2,3,0,291,1,1,0,0
frame=2,4,0,291,1,1,0,0
frame=2,5,0,291,1,1,0,0
frame=2,6,0,291,1,1,0,0
frame=2,7,0,291,1,1,0,0
frame=3,0,136,0,64,204,4,232
frame=3,1,0,291,1,1,0,0
frame=3,2,0,291,1,1,0,0
frame=3,3,0,291,1,1,0,0
frame=3,4,0,291,1,1,0,0
frame=3,5,0,291,1,1,0,0
frame=3,6,0,291,1,1,0,0
frame=3,7,0,291,1,1,0,0
frame=4,0,136,204,55,88,28,84
frame=4,1,0,291,1,1,0,0
frame=4,2,0,291,1,1,0,0
frame=4,3,0,291,1,1,0,0
frame=4,4,0,291,1,1,0,0
frame=4,5,0,291,1,1,0,0
frame=4,6,0,291,1,1,0,0
frame=4,7,0,291,1,1,0,0
frame=5,0,0,255,47,36,36,15
frame=5,1,0,291,1,1,0,0
frame=5,2,0,291,1,1,0,0
frame=5,3,0,291,1,1,0,0
frame=5,4,0,291,1,1,0,0
frame=5,5,0,291,1,1,0,0
frame=5,6,0,291,1,1,0,0
frame=5,7,0,291,1,1,0,0
