#flare_sprite_packer_input=86 209 1 1 148 213 148 245 164 204 117 123 90 58
#flare_sprite_packer_output=148 213 0 449 164 0 0 204 0 0 234 213 234 336


image=images/loot/longbow.png

[power]
frames=6
duration=600ms
type=play_once
frame=0,0,148,213,86,209,33,220
frame=0,1,0,449,1,1,0,0
frame=0,2,0,449,1,1,0,0
frame=0,3,0,449,1,1,0,0
frame=0,4,0,449,1,1,0,0
frame=0,5,0,449,1,1,0,0
frame=0,6,0,449,1,1,0,0
frame=0,7,0,449,1,1,0,0
frame=1,0,164,0,148,213,64,253
frame=1,1,0,449,1,1,0,0
frame=1,2,0,449,1,1,0,0
frame=1,3,0,449,1,1,0,0
frame=1,4,0,449,1,1,0,0
frame=1,5,0,449,1,1,0,0
frame=1,6,0,449,1,1,0,0
frame=1,7,0,449,1,1,0,0
frame=2,0,0,204,148,245,22,277
frame=2,1,0,449,1,1,0,0
frame=2,2,0,449,1,1,0,0
frame=2,3,0,449,1,1,0,0
frame=2,4,0,449,1,1,0,0
frame=2,5,0,449,1,1,0,0
frame=2,6,0,449,1,1,0,0
frame=2,7,0,449,1,1,0,0
frame=3,0,0,0,164,204,67,237
frame=3,1,0,449,1,1,0,0
frame=3,2,0,449,1,1,0,0
frame=3,3,0,449,1,1,0,0
frame=3,4,0,449,1,1,0,0
frame=3,5,0,449,1,1,0,0
frame=3,6,0,449,1,1,0,0
frame=3,7,0,449,1,1,0,0
frame=4,0,234,213,117,123,66,127
frame=4,1,0,449,1,1,0,0
frame=4,2,0,449,1,1,0,0
frame=4,3,0,449,1,1,0,0
frame=4,4,0,449,1,1,0,0
frame=4,5,0,449,1,1,0,0
frame=4,6,0,449,1,1,0,0
frame=4,7,0,449,1,1,0,0
frame=5,0,234,336,90,58,39,37
frame=5,1,0,449,1,1,0,0
frame=5,2,0,449,1,1,0,0
frame=5,3,0,449,1,1,0,0
frame=5,4,0,449,1,1,0,0
frame=5,5,0,449,1,1,0,0
frame=5,6,0,449,1,1,0,0
frame=5,7,0,449,1,1,0,0
