#flare_sprite_packer_input=117 178 1 1 135 216 172 242 157 190 115 100 90 52
#flare_sprite_packer_output=172 0 289 0 157 278 0 0 0 242 172 178 0 432


image=images/loot/steel_armor.png

[power]
frames=6
duration=600ms
type=play_once
frame=0,0,172,0,117,178,38,192
frame=0,1,289,0,1,1,0,0
frame=0,2,289,0,1,1,0,0
frame=0,3,289,0,1,1,0,0
frame=0,4,289,0,1,1,0,0
frame=0,5,289,0,1,1,0,0
frame=0,6,289,0,1,1,0,0
frame=0,7,289,0,1,1,0,0
frame=1,0,157,278,135,216,32,240
frame=1,1,289,0,1,1,0,0
frame=1,2,289,0,1,1,0,0
frame=1,3,289,0,1,1,0,0
frame=1,4,289,0,1,1,0,0
frame=1,5,289,0,1,1,0,0
frame=1,6,289,0,1,1,0,0
frame=1,7,289,0,1,1,0,0
frame=2,0,0,0,172,242,46,279
frame=2,1,289,0,1,1,0,0
frame=2,2,289,0,1,1,0,0
frame=2,3,289,0,1,1,0,0
frame=2,4,289,0,1,1,0,0
frame=2,5,289,0,1,1,0,0
frame=2,6,289,0,1,1,0,0
frame=2,7,289,0,1,1,0,0
frame=3,0,0,242,157,190,49,220
frame=3,1,289,0,1,1,0,0
frame=3,2,289,0,1,1,0,0
frame=3,3,289,0,1,1,0,0
frame=3,4,289,0,1,1,0,0
frame=3,5,289,0,1,1,0,0
frame=3,6,289,0,1,1,0,0
frame=3,7,289,0,1,1,0,0
frame=4,0,172,178,115,100,49,102
frame=4,1,289,0,1,1,0,0
frame=4,2,289,0,1,1,0,0
frame=4,3,289,0,1,1,0,0
frame=4,4,289,0,1,1,0,0
frame=4,5,289,0,1,1,0,0
frame=4,6,289,0,1,1,0,0
frame=4,7,289,0,1,1,0,0
frame=5,0,0,432,90,52,52,33
frame=5,1,289,0,1,1,0,0
frame=5,2,289,0,1,1,0,0
frame=5,3,289,0,1,1,0,0
frame=5,4,289,0,1,1,0,0
frame=5,5,289,0,1,1,0,0
frame=5,6,289,0,1,1,0,0
frame=5,7,289,0,1,1,0,0
