#flare_sprite_packer_input=151 143 1 1 158 173 153 285 60 230 77 117 81 60
#flare_sprite_packer_output=153 173 0 345 153 0 0 0 311 0 304 230 0 285


image=images/loot/zweihander.png

[power]
frames=6
duration=600ms
type=play_once
frame=0,0,153,173,151,143,24,166
frame=0,1,0,345,1,1,0,0
frame=0,2,0,345,1,1,0,0
frame=0,3,0,345,1,1,0,0
frame=0,4,0,345,1,1,0,0
frame=0,5,0,345,1,1,0,0
frame=0,6,0,345,1,1,0,0
frame=0,7,0,345,1,1,0,0
frame=1,0,153,0,158,173,30,211
frame=1,1,0,345,1,1,0,0
frame=1,2,0,345,1,1,0,0
frame=1,3,0,345,1,1,0,0
frame=1,4,0,345,1,1,0,0
frame=1,5,0,345,1,1,0,0
frame=1,6,0,345,1,1,0,0
frame=1,7,0,345,1,1,0,0
frame=2,0,0,0,153,285,25,304
frame=2,1,0,345,1,1,0,0
frame=2,2,0,345,1,1,0,0
frame=2,3,0,345,1,1,0,0
frame=2,4,0,345,1,1,0,0
frame=2,5,0,345,1,1,0,0
frame=2,6,0,345,1,1,0,0
frame=2,7,0,345,1,1,0,0
frame=3,0,311,0,60,230,6,240
frame=3,1,0,345,1,1,0,0
frame=3,2,0,345,1,1,0,0
frame=3,3,0,345,1,1,0,0
frame=3,4,0,345,1,1,0,0
frame=3,5,0,345,1,1,0,0
frame=3,6,0,345,1,1,0,0
frame=3,7,0,345,1,1,0,0
frame=4,0,304,230,77,117,29,96
frame=4,1,0,345,1,1,0,0
frame=4,2,0,345,1,1,0,0
frame=4,3,0,345,1,1,0,0
frame=4,4,0,345,1,1,0,0
frame=4,5,0,345,1,1,0,0
frame=4,6,0,345,1,1,0,0
frame=4,7,0,345,1,1,0,0
frame=5,0,0,285,81,60,40,28
frame=5,1,0,345,1,1,0,0
frame=5,2,0,345,1,1,0,0
frame=5,3,0,345,1,1,0,0
frame=5,4,0,345,1,1,0,0
frame=5,5,0,345,1,1,0,0
frame=5,6,0,345,1,1,0,0
frame=5,7,0,345,1,1,0,0
