#flare_sprite_packer_input=109 62 108 63 67 82 63 83 106 66 106 51 66 70 57 75 110 61 107 63 67 82 63 79 105 66 107 51 67 69 56 74 108 61 108 64 66 81 62 79 106 66 107 51 67 69 56 74 110 61 107 64 66 82 63 79 106 66 106 52 66 69 56 74 76 85 78 76 58 73 62 68 71 64 76 80 50 90 58 95 93 56 58 72 46 78 87 65 97 65 66 67 48 56 82 54 152 55 103 84 49 91 123 71 143 73 93 112 54 110 133 97 128 66 86 74 50 78 101 68 114 86 70 115 57 109 116 101 76 64 60 69 50 72 76 76 73 85 59 95 57 90 79 80 94 65 85 64 51 78 64 74 98 60 92 55 49 62 58 68 152 74 133 70 53 90 93 84 144 55 122 98 49 109 101 112 115 82 104 67 54 75 67 67 103 62 94 92 48 108 75 106 110 64 110 63 64 89 65 89 110 67 111 56 66 75 60 79 112 60 111 63 65 92 66 92 113 70 113 51 67 72 58 76 112 62 115 66 67 87 64 88 114 65 116 50 66 72 57 78 115 66 120 69 69 94 65 85 118 64 119 52 65 73 59 81 109 60 108 64 66 88 65 85 106 66 107 50 67 69 59 74 106 57 106 65 65 89 66 85 108 67 108 49 66 65 57 70 113 57 111 59 60 82 59 83 107 65 109 50 66 75 57 74 108 59 117 60 68 85 49 77 104 70 116 53 71 76 48 80 119 53 112 70 55 93 73 63 115 52 109 53 55 79 67 78 111 52 107 72 53 94 78 66 121 47 112 48 54 60 67 72 115 44 102 50 70 65 71 56 103 41 102 50 69 64 88 61 109 46 102 51 75 66 75 62 110 49 101 50 75 63 79 60 103 67 108 60 71 79 52 81 101 66 106 52 72 72 48 78 101 69 102 60 67 77 52 77 99 64 100 57 66 74 51 81 100 70 103 59 70 77 51 78 99 65 102 56 68 75 48 82 101 69 105 58 70 77 50 78 100 65 103 56 69 76 48 82 97 65 99 61 68 78 54 78 95 65 97 52 67 68 49 75 94 68 97 59 67 77 53 77 93 64 95 53 67 69 47 77 95 69 97 58 69 76 53 77 93 64 96 54 69 69 45 77 97 65 99 61 68 78 54 78 95 65 97 52 67 68 49 75
#flare_sprite_packer_output=1228 0 294 207 187 673 208 918 832 234 507 460 785 1073 718 920 402 211 1044 251 254 673 468 994 618 409 723 362 1067 766 567 1073 294 270 402 385 531 992 1200 757 938 234 293 427 1065 835 623 1073 512 219 1151 255 597 991 788 661 613 475 832 300 1254 319 679 1073 114 833 328 748 177 1074 1200 836 1128 694 256 501 718 830 666 55 321 692 277 1001 231 755 593 769 627 150 1134 833 1277 1066 415 638 428 0 0 1001 768 769 985 0 285 0 0 408 70 520 0 0 857 0 235 1073 846 995 622 341 0 833 0 520 75 630 0 195 1004 608 908 1073 735 1073 458 831 190 833 235 121 817 764 177 501 406 756 414 692 277 755 387 1073 598 541 688 714 1228 1066 793 571 133 0 724 0 874 764 115 918 580 0 0 97 101 296 0 296 0 919 1150 319 664 916 1248 388 933 415 0 741 150 296 0 635 402 272 512 280 93 431 328 824 294 73 402 155 775 920 953 957 1071 191 1183 192 253 581 187 581 122 121 122 191 210 1001 534 831 0 1085 842 116 460 907 330 913 1108 69 857 66 335 1001 896 995 957 124 1108 0 94 739 263 833 724 70 428 55 112 1074 235 216 1228 62 510 396 394 913 527 907 719 478 400 449 1262 845 451 1073 938 300 1044 314 393 824 592 834 294 140 724 194 1063 1040 851 1073 1072 134 516 108 658 834 271 918 723 413 293 331 1134 758 510 1073 724 243 724 134 332 478 1183 983 157 431 973 71 1128 618 1080 608 547 55 1222 122 132 614 1001 672 841 182 512 343 1130 904 711 995 513 167 103 1002 124 520 926 594 133 74 404 107 768 860 401 1001 956 190 1139 442 851 699 1199 701 1042 379 830 471 822 854 680 769 293 381 932 477 851 571 851 637 402 336 825 521 926 660 1258 255 830 404 723 302 1199 622 893 914 926 528 831 352 592 919 1180 1060 622 272 1034 479 1270 622 841 918 400 499 624 215 321 1073 945 876 1128 548 1036 420 927 723 1129 1060 1238 492 1136 492 431 563 663 991 1027 539 937 357 997 735 1013 957 1228 557 1145 386 927 800 968 1036 499 572 499 511 163 755 1074 688 198 366 596 601 1063 904 1232 991 321 624 696 544 1270 699 1130 983 595 705 693 661 996 888 1016 1035 198 297 693 603 996 812 1239 914 500 767 116 242 1262 776 1292 914 499 637 332 563 778 995 1185 904 500 702 596 653 1063 972 1281 991


image=images/avatar/male/plate_boots.png

[stance]
frames=4
duration=800ms
type=back_forth
frame=0,0,1228,0,109,62,48,47
frame=0,1,294,207,108,63,51,52
frame=0,2,187,673,67,82,30,58
frame=0,3,208,918,63,83,31,56
frame=0,4,832,234,106,66,57,50
frame=0,5,507,460,106,51,55,40
frame=0,6,785,1073,66,70,32,46
frame=0,7,718,920,57,75,22,50
frame=1,0,402,211,110,61,49,46
frame=1,1,1044,251,107,63,51,52
frame=1,2,254,673,67,82,30,58
frame=1,3,468,994,63,79,31,52
frame=1,4,618,409,105,66,56,50
frame=1,5,723,362,107,51,55,40
frame=1,6,1067,766,67,69,33,45
frame=1,7,567,1073,56,74,22,49
frame=2,0,294,270,108,61,49,46
frame=2,1,402,385,108,64,52,53
frame=2,2,531,992,66,81,30,58
frame=2,3,1200,757,62,79,30,52
frame=2,4,938,234,106,66,56,50
frame=2,5,293,427,107,51,55,40
frame=2,6,1065,835,67,69,33,44
frame=2,7,623,1073,56,74,22,48
frame=3,0,512,219,110,61,49,46
frame=3,1,1151,255,107,64,51,53
frame=3,2,597,991,66,82,30,58
frame=3,3,788,661,63,79,31,52
frame=3,4,613,475,106,66,57,50
frame=3,5,832,300,106,52,55,41
frame=3,6,1254,319,66,69,32,45
frame=3,7,679,1073,56,74,22,49

[run]
frames=8
duration=533ms
type=looped
frame=0,0,114,833,76,85,-2,76
frame=0,1,328,748,78,76,7,60
frame=0,2,177,1074,58,73,20,53
frame=0,3,1200,836,62,68,41,53
frame=0,4,1128,694,71,64,62,66
frame=0,5,256,501,76,80,56,87
frame=0,6,718,830,50,90,20,96
frame=0,7,666,55,58,95,1,94
frame=1,0,321,692,93,56,8,54
frame=1,1,277,1001,58,72,-3,48
frame=1,2,231,755,46,78,15,47
frame=1,3,593,769,87,65,59,44
frame=1,4,627,150,97,65,75,56
frame=1,5,1134,833,66,67,53,69
frame=1,6,1277,1066,48,56,20,65
frame=1,7,415,638,82,54,13,65
frame=2,0,428,0,152,55,48,56
frame=2,1,0,1001,103,84,29,56
frame=2,2,768,769,49,91,19,53
frame=2,3,985,0,123,71,78,49
frame=2,4,285,0,143,73,94,65
frame=2,5,0,408,93,112,63,92
frame=2,6,70,520,54,110,19,87
frame=2,7,0,0,133,97,43,84
frame=3,0,857,0,128,66,29,67
frame=3,1,235,1073,86,74,15,52
frame=3,2,846,995,50,78,19,49
frame=3,3,622,341,101,68,70,54
frame=3,4,0,833,114,86,84,77
frame=3,5,0,520,70,115,55,100
frame=3,6,75,630,57,109,20,95
frame=3,7,0,195,116,101,30,93
frame=4,0,1004,608,76,64,-3,66
frame=4,1,908,1073,60,69,3,53
frame=4,2,735,1073,50,72,20,53
frame=4,3,458,831,76,76,57,60
frame=4,4,190,833,73,85,63,76
frame=4,5,235,121,59,95,41,94
frame=4,6,817,764,57,90,20,96
frame=4,7,177,501,79,80,6,87
frame=5,0,406,756,94,65,11,57
frame=5,1,414,692,85,64,16,45
frame=5,2,277,755,51,78,19,48
frame=5,3,387,1073,64,74,48,48
frame=5,4,598,541,98,60,74,54
frame=5,5,688,714,92,55,62,63
frame=5,6,1228,1066,49,62,19,69
frame=5,7,793,571,58,68,1,69
frame=6,0,133,0,152,74,47,66
frame=6,1,724,0,133,70,43,49
frame=6,2,874,764,53,90,19,52
frame=6,3,115,918,93,84,63,56
frame=6,4,580,0,144,55,95,56
frame=6,5,0,97,122,98,78,85
frame=6,6,101,296,49,109,19,87
frame=6,7,0,296,101,112,28,92
frame=7,0,0,919,115,82,20,73
frame=7,1,1150,319,104,67,23,53
frame=7,2,664,916,54,75,19,46
frame=7,3,1248,388,67,67,53,46
frame=7,4,933,415,103,62,81,63
frame=7,5,0,741,94,92,68,88
frame=7,6,150,296,48,108,19,98
frame=7,7,0,635,75,106,9,95

[swing]
frames=4
duration=400ms
type=play_once
frame=0,0,402,272,110,64,47,50
frame=0,1,512,280,110,63,49,52
frame=0,2,93,431,64,89,28,63
frame=0,3,328,824,65,89,32,60
frame=0,4,294,73,110,67,58,52
frame=0,5,402,155,111,56,60,45
frame=0,6,775,920,66,75,32,52
frame=0,7,953,957,60,79,22,54
frame=1,0,1071,191,112,60,51,46
frame=1,1,1183,192,111,63,53,53
frame=1,2,253,581,65,92,29,66
frame=1,3,187,581,66,92,29,63
frame=1,4,122,121,113,70,56,54
frame=1,5,122,191,113,51,58,39
frame=1,6,210,1001,67,72,32,46
frame=1,7,534,831,58,76,25,50
frame=2,0,0,1085,112,62,49,47
frame=2,1,842,116,115,66,52,54
frame=2,2,460,907,67,87,30,58
frame=2,3,330,913,64,88,30,57
frame=2,4,1108,69,114,65,60,50
frame=2,5,857,66,116,50,62,39
frame=2,6,335,1001,66,72,32,47
frame=2,7,896,995,57,78,23,52
frame=3,0,957,124,115,66,48,52
frame=3,1,1108,0,120,69,50,57
frame=3,2,94,739,69,94,28,64
frame=3,3,263,833,65,85,29,53
frame=3,4,724,70,118,64,65,49
frame=3,5,428,55,119,52,68,41
frame=3,6,112,1074,65,73,34,49
frame=3,7,235,216,59,81,25,56

[block]
frames=2
duration=66ms
type=play_once
frame=0,0,1228,62,109,60,45,46
frame=0,1,510,396,108,64,48,53
frame=0,2,394,913,66,88,29,63
frame=0,3,527,907,65,85,33,57
frame=0,4,719,478,106,66,59,51
frame=0,5,400,449,107,50,59,40
frame=0,6,1262,845,67,69,33,47
frame=0,7,451,1073,59,74,20,50
frame=1,0,938,300,106,57,45,43
frame=1,1,1044,314,106,65,48,54
frame=1,2,393,824,65,89,30,64
frame=1,3,592,834,66,85,31,57
frame=1,4,294,140,108,67,57,51
frame=1,5,724,194,108,49,58,39
frame=1,6,1063,1040,66,65,32,43
frame=1,7,851,1073,57,70,22,46

[hit]
frames=2
duration=133ms
type=play_once
frame=0,0,1072,134,113,57,47,46
frame=0,1,516,108,111,59,45,49
frame=0,2,658,834,60,82,23,55
frame=0,3,271,918,59,83,28,52
frame=0,4,723,413,107,65,60,47
frame=0,5,293,331,109,50,64,38
frame=0,6,1134,758,66,75,36,52
frame=0,7,510,1073,57,74,25,51
frame=1,0,724,243,108,59,48,45
frame=1,1,724,134,117,60,51,51
frame=1,2,332,478,68,85,28,60
frame=1,3,1183,983,49,77,21,47
frame=1,4,157,431,104,70,55,52
frame=1,5,973,71,116,53,64,42
frame=1,6,1128,618,71,76,37,52
frame=1,7,1080,608,48,80,22,55

[die]
frames=6
duration=800ms
type=play_once
frame=0,0,1072,134,113,57,47,46
frame=0,1,516,108,111,59,45,49
frame=0,2,658,834,60,82,23,55
frame=0,3,271,918,59,83,28,52
frame=0,4,723,413,107,65,60,47
frame=0,5,293,331,109,50,64,38
frame=0,6,1134,758,66,75,36,52
frame=0,7,510,1073,57,74,25,51
frame=1,0,724,243,108,59,48,45
frame=1,1,724,134,117,60,51,51
frame=1,2,332,478,68,85,28,60
frame=1,3,1183,983,49,77,21,47
frame=1,4,157,431,104,70,55,52
frame=1,5,973,71,116,53,64,42
frame=1,6,1128,618,71,76,37,52
frame=1,7,1080,608,48,80,22,55
frame=2,0,547,55,119,53,42,43
frame=2,1,1222,122,112,70,37,51
frame=2,2,132,614,55,93,20,57
frame=2,3,1001,672,73,63,41,29
frame=2,4,841,182,115,52,73,39
frame=2,5,512,343,109,53,71,41
frame=2,6,1130,904,55,79,30,58
frame=2,7,711,995,67,78,25,59
frame=3,0,513,167,111,52,33,42
frame=3,1,103,1002,107,72,33,51
frame=3,2,124,520,53,94,20,56
frame=3,3,926,594,78,66,43,30
frame=3,4,133,74,121,47,77,34
frame=3,5,404,107,112,48,74,39
frame=3,6,768,860,54,60,28,44
frame=3,7,401,1001,67,72,23,56
frame=4,0,956,190,115,44,25,12
frame=4,1,1139,442,102,50,44,11
frame=4,2,851,699,70,65,65,20
frame=4,3,1199,701,71,56,79,28
frame=4,4,1042,379,103,41,89,41
frame=4,5,830,471,102,50,57,46
frame=4,6,822,854,69,64,4,52
frame=4,7,680,769,88,61,9,39
frame=5,0,293,381,109,46,15,11
frame=5,1,932,477,102,51,42,9
frame=5,2,851,571,75,66,74,19
frame=5,3,851,637,75,62,85,35
frame=5,4,402,336,110,49,94,52
frame=5,5,825,521,101,50,57,53
frame=5,6,926,660,75,63,-1,56
frame=5,7,1258,255,79,60,-6,41

[cast]
frames=4
duration=400ms
type=play_once
frame=0,0,830,404,103,67,51,50
frame=0,1,723,302,108,60,56,51
frame=0,2,1199,622,71,79,33,58
frame=0,3,893,914,52,81,24,56
frame=0,4,926,528,101,66,49,49
frame=0,5,831,352,106,52,50,41
frame=0,6,592,919,72,72,35,46
frame=0,7,1180,1060,48,78,21,50
frame=1,0,622,272,101,69,51,54
frame=1,1,1034,479,102,60,53,50
frame=1,2,1270,622,67,77,30,56
frame=1,3,841,918,52,77,25,54
frame=1,4,400,499,99,64,48,48
frame=1,5,624,215,100,57,47,45
frame=1,6,321,1073,66,74,32,49
frame=1,7,945,876,51,81,24,55
frame=2,0,1128,548,100,70,49,55
frame=2,1,1036,420,103,59,52,50
frame=2,2,927,723,70,77,30,56
frame=2,3,1129,1060,51,78,24,54
frame=2,4,1238,492,99,65,49,48
frame=2,5,1136,492,102,56,50,45
frame=2,6,431,563,68,75,34,50
frame=2,7,663,991,48,82,22,56
frame=3,0,1027,539,101,69,50,54
frame=3,1,937,357,105,58,53,50
frame=3,2,997,735,70,77,30,56
frame=3,3,1013,957,50,78,23,54
frame=3,4,1228,557,100,65,49,48
frame=3,5,1145,386,103,56,50,45
frame=3,6,927,800,69,76,35,51
frame=3,7,968,1036,48,82,23,56

[shoot]
frames=4
duration=400ms
type=play_once
frame=0,0,499,572,97,65,41,50
frame=0,1,499,511,99,61,45,50
frame=0,2,163,755,68,78,30,55
frame=0,3,1074,688,54,78,29,53
frame=0,4,198,366,95,65,54,49
frame=0,5,596,601,97,52,51,44
frame=0,6,1063,904,67,68,32,48
frame=0,7,1232,991,49,75,17,52
frame=1,0,321,624,94,68,38,53
frame=1,1,696,544,97,59,44,48
frame=1,2,1270,699,67,77,30,53
frame=1,3,1130,983,53,77,29,52
frame=1,4,595,705,93,64,54,48
frame=1,5,693,661,95,53,51,46
frame=1,6,996,888,67,69,32,50
frame=1,7,1016,1035,47,77,15,55
frame=2,0,198,297,95,69,39,54
frame=2,1,693,603,97,58,44,48
frame=2,2,996,812,69,76,30,53
frame=2,3,1239,914,53,77,28,52
frame=2,4,500,767,93,64,53,47
frame=2,5,116,242,96,54,52,46
frame=2,6,1262,776,69,69,34,50
frame=2,7,1292,914,45,77,15,55
frame=3,0,499,637,97,65,41,50
frame=3,1,332,563,99,61,45,50
frame=3,2,778,995,68,78,30,55
frame=3,3,1185,904,54,78,29,53
frame=3,4,500,702,95,65,54,49
frame=3,5,596,653,97,52,51,44
frame=3,6,1063,972,67,68,32,48
frame=3,7,1281,991,49,75,17,52
