image=images/enemies/wyvern_fire/wyvern_fire_stance.png,stance
image=images/enemies/wyvern_fire/wyvern_fire_run.png,run
image=images/enemies/wyvern_fire/wyvern_fire_swing.png,swing
image=images/enemies/wyvern_fire/wyvern_fire_cast.png,cast
image=images/enemies/wyvern_fire/wyvern_fire_dash_attack.png,dash_attack
image=images/enemies/wyvern_fire/wyvern_fire_hit.png,hit
image=images/enemies/wyvern_fire/wyvern_fire_die.png,die

[stance]
frames=8
duration=800ms
type=looped
frame=0,0,1583,939,129,209,36,181,stance
frame=0,1,1178,1383,197,202,67,183,stance
frame=0,2,296,1813,241,190,102,183,stance
frame=0,3,1173,1585,197,202,89,183,stance
frame=0,4,1375,1379,149,208,60,181,stance
frame=0,5,778,1789,199,190,89,178,stance
frame=0,6,1066,1000,241,171,102,174,stance
frame=0,7,979,1383,199,190,67,178,stance
frame=1,0,563,881,157,263,50,236,stance
frame=1,1,0,1702,296,245,127,224,stance
frame=1,2,313,491,320,199,130,192,stance
frame=1,3,974,263,298,244,114,224,stance
frame=1,4,720,881,167,263,63,236,stance
frame=1,5,1272,270,296,244,115,218,stance
frame=1,6,1247,514,322,189,131,192,stance
frame=1,7,269,881,294,245,127,219,stance
frame=2,0,1246,703,164,290,44,288,stance
frame=2,1,0,875,269,292,99,288,stance
frame=2,2,1291,0,300,270,110,262,stance
frame=2,3,0,581,285,294,102,288,stance
frame=2,4,582,1585,196,286,67,288,stance
frame=2,5,0,1436,280,266,102,271,stance
frame=2,6,318,260,298,231,110,235,stance
frame=2,7,0,1167,271,269,99,271,stance
frame=3,0,1089,694,157,306,44,278,stance
frame=3,1,0,0,318,289,135,272,stance
frame=3,2,636,0,342,235,150,228,stance
frame=3,3,0,289,313,292,121,274,stance
frame=3,4,887,872,179,311,64,280,stance
frame=3,5,978,0,313,263,121,246,stance
frame=3,6,285,690,343,191,151,198,stance
frame=3,7,318,0,318,260,137,244,stance
frame=4,0,1410,703,166,241,60,191,stance
frame=4,1,280,1362,292,226,148,194,stance
frame=4,2,636,235,338,198,151,195,stance
frame=4,3,296,1588,286,225,107,194,stance
frame=4,4,1568,270,160,241,60,191,stance
frame=4,5,633,433,286,237,107,186,stance
frame=4,6,919,507,328,187,151,182,stance
frame=4,7,271,1126,290,236,148,186,stance
frame=5,0,1576,731,155,208,60,196,stance
frame=5,1,977,1789,153,208,70,200,stance
frame=5,2,1430,1795,123,209,39,201,stance
frame=5,3,1281,1795,149,208,57,200,stance
frame=5,4,1370,1587,157,208,55,196,stance
frame=5,5,713,1144,147,218,57,191,stance
frame=5,6,1553,1791,125,210,40,187,stance
frame=5,7,1576,511,155,220,69,191,stance
frame=6,0,1524,1372,160,213,68,192,stance
frame=6,1,985,1573,188,214,89,196,stance
frame=6,2,1527,1585,159,206,63,197,stance
frame=6,3,1410,944,173,214,72,196,stance
frame=6,4,1478,1158,161,214,61,192,stance
frame=6,5,1310,1158,168,221,71,187,stance
frame=6,6,1130,1787,151,209,62,184,stance
frame=6,7,572,1362,191,223,89,188,stance
frame=7,0,1591,0,129,218,37,185,stance
frame=7,1,633,670,216,211,84,187,stance
frame=7,2,860,1183,241,193,104,188,stance
frame=7,3,1101,1171,209,212,93,187,stance
frame=7,4,561,1144,152,218,58,185,stance
frame=7,5,778,1582,207,207,93,181,stance
frame=7,6,849,694,240,178,104,177,stance
frame=7,7,763,1376,216,206,84,181,stance

[block]
frames=2
duration=200ms
type=play_once
active_frame=0
frame=0,0,1583,939,129,209,36,181,stance
frame=0,1,1178,1383,197,202,67,183,stance
frame=0,2,296,1813,241,190,102,183,stance
frame=0,3,1173,1585,197,202,89,183,stance
frame=0,4,1375,1379,149,208,60,181,stance
frame=0,5,778,1789,199,190,89,178,stance
frame=0,6,1066,1000,241,171,102,174,stance
frame=0,7,979,1383,199,190,67,178,stance
frame=1,0,563,881,157,263,50,236,stance
frame=1,1,0,1702,296,245,127,224,stance
frame=1,2,313,491,320,199,130,192,stance
frame=1,3,974,263,298,244,114,224,stance
frame=1,4,720,881,167,263,63,236,stance
frame=1,5,1272,270,296,244,115,218,stance
frame=1,6,1247,514,322,189,131,192,stance
frame=1,7,269,881,294,245,127,219,stance

[run]
frames=8
duration=533ms
type=looped
frame=0,0,233,1762,230,231,75,184,run
frame=0,1,262,1375,261,197,104,167,run
frame=0,2,324,516,315,188,141,170,run
frame=0,3,0,1357,262,199,119,168,run
frame=0,4,0,1762,233,231,111,184,run
frame=0,5,288,1168,262,207,119,178,run
frame=0,6,994,467,314,200,141,194,run
frame=0,7,0,1556,260,206,104,178,run
frame=1,0,1703,1534,223,256,71,211,run
frame=1,1,296,954,290,214,143,198,run
frame=1,2,710,168,341,202,150,168,run
frame=1,3,1603,505,285,217,103,199,run
frame=1,4,1259,1637,240,259,123,211,run
frame=1,5,0,1126,288,231,104,190,run
frame=1,6,355,169,341,172,150,166,run
frame=1,7,1683,272,289,233,142,190,run
frame=2,0,1463,1349,240,259,112,225,run
frame=2,1,314,704,306,250,172,227,run
frame=2,2,0,200,339,232,147,194,run
frame=2,3,1244,678,276,249,84,227,run
frame=2,4,586,1123,267,261,106,225,run
frame=2,5,913,911,276,243,84,192,run
frame=2,6,339,341,338,175,146,153,run
frame=2,7,639,619,311,245,173,192,run
frame=3,0,1743,0,228,272,107,226,run
frame=3,1,0,432,324,258,175,238,run
frame=3,2,1065,0,354,240,162,206,run
frame=3,3,620,864,293,259,101,240,run
frame=3,4,1208,1366,255,271,98,227,run
frame=3,5,950,667,294,244,102,196,run
frame=3,6,355,0,355,169,163,154,run
frame=3,7,1419,0,324,244,175,196,run
frame=4,0,1060,1647,199,276,75,225,run
frame=4,1,0,690,314,249,147,217,run
frame=4,2,0,0,355,200,163,170,run
frame=4,3,677,370,317,249,125,217,run
frame=4,4,989,1370,219,277,97,225,run
frame=4,5,1051,240,318,227,126,191,run
frame=4,6,710,0,355,168,163,162,run
frame=4,7,1369,244,314,228,147,191,run
frame=5,0,464,1572,231,187,81,162,run
frame=5,1,1086,1154,193,212,59,164,run
frame=5,2,1406,927,162,211,68,172,run
frame=5,3,1189,927,217,211,115,164,run
frame=5,4,523,1384,238,186,112,162,run
frame=5,5,1719,1790,213,196,115,198,run
frame=5,6,463,1762,163,223,68,212,run
frame=5,7,1499,1608,196,195,59,198,run
frame=6,0,695,1570,233,186,80,156,run
frame=6,1,1279,1138,205,211,58,164,run
frame=6,2,1764,722,204,204,89,172,run
frame=6,3,1484,1138,222,210,122,164,run
frame=6,4,761,1384,228,186,106,156,run
frame=6,5,1499,1803,220,191,122,192,run
frame=6,6,626,1759,203,218,89,207,run
frame=6,7,260,1572,204,190,58,192,run
frame=7,0,853,1154,233,216,77,169,run
frame=7,1,1520,722,244,204,86,164,run
frame=7,2,0,939,296,187,134,171,run
frame=7,3,1706,1129,245,202,125,164,run
frame=7,4,829,1756,231,215,109,168,run
frame=7,5,1568,926,245,203,125,182,run
frame=7,6,1308,472,295,206,134,198,run
frame=7,7,1706,1331,244,203,86,182,run

[swing]
frames=8
duration=1066ms
type=play_once
frame=0,0,283,402,262,211,130,187,swing
frame=0,1,1576,429,244,213,140,209,swing
frame=0,2,1215,1289,231,225,96,205,swing
frame=0,3,271,1043,251,214,71,209,swing
frame=0,4,320,191,278,211,99,187,swing
frame=0,5,1021,1067,248,212,71,165,swing
frame=0,6,740,1489,231,193,96,160,swing
frame=0,7,1514,1081,243,210,140,165,swing
frame=1,0,1423,215,273,214,136,188,swing
frame=1,1,1519,863,243,218,143,211,swing
frame=1,2,740,1261,241,228,100,205,swing
frame=1,3,545,405,259,215,72,211,swing
frame=1,4,1525,0,281,215,100,188,swing
frame=1,5,772,1047,249,214,69,166,swing
frame=1,6,498,1490,240,195,101,160,swing
frame=1,7,1274,861,245,214,143,166,swing
frame=2,0,0,1138,265,228,138,193,swing
frame=2,1,498,1261,242,229,152,216,swing
frame=2,2,0,686,274,228,118,203,swing
frame=2,3,0,1366,267,223,75,216,swing
frame=2,4,0,221,283,227,99,193,swing
frame=2,5,789,628,257,220,65,171,swing
frame=2,6,1149,209,274,200,118,165,swing
frame=2,7,1062,409,257,219,153,171,swing
frame=3,0,294,1507,200,249,106,207,swing
frame=3,1,0,448,270,238,164,219,swing
frame=3,2,0,0,320,221,139,195,swing
frame=3,3,532,620,257,230,65,219,swing
frame=3,4,267,1257,231,250,78,207,swing
frame=3,5,1046,628,255,223,63,175,swing
frame=3,6,320,0,318,191,139,171,swing
frame=3,7,0,914,271,224,164,176,swing
frame=4,0,1025,851,249,216,95,181,swing
frame=4,1,274,613,258,230,68,178,swing
frame=4,2,598,191,276,214,119,177,swing
frame=4,3,1301,632,253,229,155,177,swing
frame=4,4,522,1047,250,214,120,179,swing
frame=4,5,274,843,255,200,155,193,swing
frame=4,6,874,203,275,203,122,182,swing
frame=4,7,1319,429,257,203,68,196,swing
frame=5,0,1425,1514,205,225,85,184,swing
frame=5,1,1820,423,223,226,51,182,swing
frame=5,2,935,0,296,203,129,182,swing
frame=5,3,981,1279,234,224,137,182,swing
frame=5,4,1760,1526,192,225,88,183,swing
frame=5,5,971,1503,228,206,135,187,swing
frame=5,6,1231,0,294,209,131,182,swing
frame=5,7,784,850,241,197,70,188,swing
frame=6,0,1906,1298,123,228,50,186,swing
frame=6,1,1803,649,240,214,109,188,swing
frame=6,2,638,0,297,191,132,189,swing
frame=6,3,1757,1083,238,215,95,188,swing
frame=6,4,1630,1513,130,228,34,186,swing
frame=6,5,1806,212,237,211,95,181,swing
frame=6,6,0,1589,294,181,132,177,swing
frame=6,7,1806,0,237,212,109,181,swing
frame=7,0,1446,1291,231,222,120,189,swing
frame=7,1,1677,1298,229,211,138,200,swing
frame=7,2,804,406,258,222,109,193,swing
frame=7,3,1762,863,238,220,57,200,swing
frame=7,4,1554,642,249,221,90,188,swing
frame=7,5,1269,1075,245,214,71,172,swing
frame=7,6,529,850,255,197,110,166,swing
frame=7,7,1199,1514,226,213,139,172,swing

[cast]
frames=8
duration=800ms
type=play_once
frame=0,0,597,189,220,198,58,161,cast
frame=0,1,0,776,188,212,66,175,cast
frame=0,2,1281,592,205,206,92,180,cast
frame=0,3,1766,1006,189,212,96,175,cast
frame=0,4,817,189,223,198,119,161,cast
frame=0,5,221,179,190,197,96,173,cast
frame=0,6,1222,0,206,191,92,190,cast
frame=0,7,411,179,186,197,66,173,cast
frame=1,0,1040,191,221,198,59,160,cast
frame=1,1,0,1198,191,211,67,174,cast
frame=1,2,1078,591,203,205,92,179,cast
frame=1,3,0,567,190,209,97,174,cast
frame=1,4,1261,192,226,198,120,160,cast
frame=1,5,0,368,190,199,96,174,cast
frame=1,6,1428,0,205,192,92,191,cast
frame=1,7,190,376,191,199,67,174,cast
frame=2,0,1487,193,234,198,65,154,cast
frame=2,1,188,782,199,208,73,168,cast
frame=2,2,862,389,221,201,102,174,cast
frame=2,3,634,790,200,209,104,169,cast
frame=2,4,1721,193,234,198,124,154,cast
frame=2,5,381,376,199,204,104,175,cast
frame=2,6,0,173,221,195,103,192,cast
frame=2,7,641,586,199,204,73,175,cast
frame=3,0,1531,391,239,202,72,148,cast
frame=3,1,190,580,223,202,76,157,cast
frame=3,2,1633,0,282,193,132,163,cast
frame=3,3,413,586,228,202,123,157,cast
frame=3,4,840,590,238,202,125,146,cast
frame=3,5,1083,390,228,201,123,175,cast
frame=3,6,580,387,282,199,133,192,cast
frame=3,7,1311,391,220,201,76,175,cast
frame=4,0,965,1440,230,238,75,213,cast
frame=4,1,387,788,247,208,55,173,cast
frame=4,2,0,0,303,173,125,145,cast
frame=4,3,834,792,233,208,146,173,cast
frame=4,4,1195,1440,226,238,115,213,cast
frame=4,5,925,1215,234,224,146,223,cast
frame=4,6,1373,798,302,208,125,196,cast
frame=4,7,1642,1218,246,225,54,223,cast
frame=5,0,1657,1443,236,242,75,215,cast
frame=5,1,796,1000,247,210,55,176,cast
frame=5,2,303,0,310,179,128,149,cast
frame=5,3,1043,1005,237,210,145,177,cast
frame=5,4,1421,1443,236,240,120,216,cast
frame=5,5,1159,1216,237,224,145,224,cast
frame=5,6,245,996,306,209,128,198,cast
frame=5,7,1396,1216,246,224,54,224,cast
frame=6,0,724,1439,241,237,74,205,cast
frame=6,1,191,1205,246,211,54,171,cast
frame=6,2,613,0,306,189,130,159,cast
frame=6,3,1280,1006,242,210,148,171,cast
frame=6,4,483,1423,241,235,125,205,cast
frame=6,5,437,1208,242,212,148,215,cast
frame=6,6,1486,593,310,205,130,196,cast
frame=6,7,679,1210,246,213,54,215,cast
frame=7,0,243,1420,240,233,73,200,cast
frame=7,1,551,999,245,209,53,168,cast
frame=7,2,919,0,303,189,130,163,cast
frame=7,3,1522,1006,244,210,149,168,cast
frame=7,4,0,1416,243,232,124,200,cast
frame=7,5,1675,798,244,208,149,212,cast
frame=7,6,1067,798,306,207,129,200,cast
frame=7,7,0,990,245,208,53,212,cast

[shoot]
frames=8
duration=800ms
type=play_once
frame=0,0,597,189,220,198,58,161,cast
frame=0,1,0,776,188,212,66,175,cast
frame=0,2,1281,592,205,206,92,180,cast
frame=0,3,1766,1006,189,212,96,175,cast
frame=0,4,817,189,223,198,119,161,cast
frame=0,5,221,179,190,197,96,173,cast
frame=0,6,1222,0,206,191,92,190,cast
frame=0,7,411,179,186,197,66,173,cast
frame=1,0,1040,191,221,198,59,160,cast
frame=1,1,0,1198,191,211,67,174,cast
frame=1,2,1078,591,203,205,92,179,cast
frame=1,3,0,567,190,209,97,174,cast
frame=1,4,1261,192,226,198,120,160,cast
frame=1,5,0,368,190,199,96,174,cast
frame=1,6,1428,0,205,192,92,191,cast
frame=1,7,190,376,191,199,67,174,cast
frame=2,0,1487,193,234,198,65,154,cast
frame=2,1,188,782,199,208,73,168,cast
frame=2,2,862,389,221,201,102,174,cast
frame=2,3,634,790,200,209,104,169,cast
frame=2,4,1721,193,234,198,124,154,cast
frame=2,5,381,376,199,204,104,175,cast
frame=2,6,0,173,221,195,103,192,cast
frame=2,7,641,586,199,204,73,175,cast
frame=3,0,1531,391,239,202,72,148,cast
frame=3,1,190,580,223,202,76,157,cast
frame=3,2,1633,0,282,193,132,163,cast
frame=3,3,413,586,228,202,123,157,cast
frame=3,4,840,590,238,202,125,146,cast
frame=3,5,1083,390,228,201,123,175,cast
frame=3,6,580,387,282,199,133,192,cast
frame=3,7,1311,391,220,201,76,175,cast
frame=4,0,965,1440,230,238,75,213,cast
frame=4,1,387,788,247,208,55,173,cast
frame=4,2,0,0,303,173,125,145,cast
frame=4,3,834,792,233,208,146,173,cast
frame=4,4,1195,1440,226,238,115,213,cast
frame=4,5,925,1215,234,224,146,223,cast
frame=4,6,1373,798,302,208,125,196,cast
frame=4,7,1642,1218,246,225,54,223,cast
frame=5,0,1657,1443,236,242,75,215,cast
frame=5,1,796,1000,247,210,55,176,cast
frame=5,2,303,0,310,179,128,149,cast
frame=5,3,1043,1005,237,210,145,177,cast
frame=5,4,1421,1443,236,240,120,216,cast
frame=5,5,1159,1216,237,224,145,224,cast
frame=5,6,245,996,306,209,128,198,cast
frame=5,7,1396,1216,246,224,54,224,cast
frame=6,0,724,1439,241,237,74,205,cast
frame=6,1,191,1205,246,211,54,171,cast
frame=6,2,613,0,306,189,130,159,cast
frame=6,3,1280,1006,242,210,148,171,cast
frame=6,4,483,1423,241,235,125,205,cast
frame=6,5,437,1208,242,212,148,215,cast
frame=6,6,1486,593,310,205,130,196,cast
frame=6,7,679,1210,246,213,54,215,cast
frame=7,0,243,1420,240,233,73,200,cast
frame=7,1,551,999,245,209,53,168,cast
frame=7,2,919,0,303,189,130,163,cast
frame=7,3,1522,1006,244,210,149,168,cast
frame=7,4,0,1416,243,232,124,200,cast
frame=7,5,1675,798,244,208,149,212,cast
frame=7,6,1067,798,306,207,129,200,cast
frame=7,7,0,990,245,208,53,212,cast

[dash_attack]
frames=8
duration=400ms
type=play_once
active_frame=0
frame=0,0,0,1275,232,225,74,184,dash_attack
frame=0,1,235,797,247,198,93,167,dash_attack
frame=0,2,0,399,306,195,135,169,dash_attack
frame=0,3,0,1705,250,198,117,168,dash_attack
frame=0,4,0,594,235,228,118,185,dash_attack
frame=0,5,615,0,254,200,117,181,dash_attack
frame=0,6,0,200,306,199,135,190,dash_attack
frame=0,7,233,1392,247,198,93,180,dash_attack
frame=1,0,778,390,228,198,67,176,dash_attack
frame=1,1,705,774,198,187,52,160,dash_attack
frame=1,2,250,1590,242,202,101,167,dash_attack
frame=1,3,1027,201,212,189,110,161,dash_attack
frame=1,4,235,594,234,203,123,178,dash_attack
frame=1,5,1101,766,210,178,109,180,dash_attack
frame=1,6,551,200,243,189,101,180,dash_attack
frame=1,7,917,1147,198,175,52,177,dash_attack
frame=2,0,1230,397,223,184,62,170,dash_attack
frame=2,1,903,778,188,183,48,155,dash_attack
frame=2,2,1239,199,205,198,81,161,dash_attack
frame=2,3,710,1328,193,181,104,155,dash_attack
frame=2,4,469,589,233,185,125,170,dash_attack
frame=2,5,707,1157,196,171,104,175,dash_attack
frame=2,6,903,1322,206,182,81,177,dash_attack
frame=2,7,1297,1652,190,171,49,175,dash_attack
frame=3,0,482,774,223,187,49,176,dash_attack
frame=3,1,1306,581,193,184,35,153,dash_attack
frame=3,2,714,961,203,196,72,153,dash_attack
frame=3,3,1115,1295,192,178,107,146,dash_attack
frame=3,4,482,1330,228,177,138,161,dash_attack
frame=3,5,1109,1473,196,166,120,172,dash_attack
frame=3,6,1307,949,202,180,88,182,dash_attack
frame=3,7,909,1688,187,176,43,186,dash_attack
frame=4,0,1006,390,224,184,69,167,dash_attack
frame=4,1,1311,765,190,184,58,158,dash_attack
frame=4,2,492,1702,202,201,87,168,dash_attack
frame=4,3,909,1504,195,184,104,163,dash_attack
frame=4,4,482,961,232,185,118,175,dash_attack
frame=4,5,1307,1305,195,172,93,176,dash_attack
frame=4,6,702,589,201,185,72,178,dash_attack
frame=4,7,1118,1126,189,169,48,169,dash_attack
frame=5,0,482,1146,225,184,75,171,dash_attack
frame=5,1,1118,944,189,182,57,163,dash_attack
frame=5,2,703,1509,206,198,81,171,dash_attack
frame=5,3,917,961,201,186,96,163,dash_attack
frame=5,4,794,201,233,189,112,175,dash_attack
frame=5,5,1305,1477,195,175,95,176,dash_attack
frame=5,6,1101,581,205,185,80,174,dash_attack
frame=5,7,1104,1639,193,171,58,171,dash_attack
frame=6,0,549,389,229,200,74,178,dash_attack
frame=6,1,903,588,198,190,57,164,dash_attack
frame=6,2,306,384,243,201,102,172,dash_attack
frame=6,3,492,1507,211,195,104,168,dash_attack
frame=6,4,0,1500,233,205,116,181,dash_attack
frame=6,5,694,1707,213,180,104,181,dash_attack
frame=6,6,307,195,244,189,101,178,dash_attack
frame=6,7,1307,1129,202,176,58,176,dash_attack
frame=7,0,0,1050,234,225,76,185,dash_attack
frame=7,1,234,1194,248,198,94,169,dash_attack
frame=7,2,307,0,308,195,135,171,dash_attack
frame=7,3,1121,0,250,199,115,170,dash_attack
frame=7,4,0,822,234,228,116,186,dash_attack
frame=7,5,869,0,252,201,115,181,dash_attack
frame=7,6,0,0,307,200,135,189,dash_attack
frame=7,7,234,995,248,199,94,180,dash_attack

[hit]
frames=8
duration=533ms
type=play_once
active_frame=0
frame=0,0,1266,600,220,244,65,201,hit
frame=0,1,1190,187,260,207,113,184,hit
frame=0,2,0,580,299,200,131,180,hit
frame=0,3,1133,394,252,206,105,184,hit
frame=0,4,1464,855,223,244,111,201,hit
frame=0,5,1620,0,256,224,105,191,hit
frame=0,6,1320,0,300,187,131,185,hit
frame=0,7,0,1221,258,226,113,191,hit
frame=1,0,943,1013,203,234,66,186,hit
frame=1,1,625,175,284,194,132,170,hit
frame=1,2,995,0,325,181,143,167,hit
frame=1,3,1620,224,253,207,107,176,hit
frame=1,4,513,1336,214,243,98,193,hit
frame=1,5,0,780,279,217,117,185,hit
frame=1,6,0,0,326,184,151,182,hit
frame=1,7,0,997,263,224,111,180,hit
frame=2,0,727,1334,172,228,59,179,hit
frame=2,1,326,174,299,174,141,154,hit
frame=2,2,326,0,335,174,149,161,hit
frame=2,3,540,742,233,214,106,174,hit
frame=2,4,1687,855,178,246,79,193,hit
frame=2,5,0,376,301,204,129,180,hit
frame=2,6,661,0,334,175,155,172,hit
frame=2,7,301,523,242,213,91,167,hit
frame=3,0,734,981,209,221,71,164,hit
frame=3,1,598,369,272,178,126,145,hit
frame=3,2,0,184,317,192,142,150,hit
frame=3,3,1026,600,240,184,115,143,hit
frame=3,4,1236,844,228,216,118,163,hit
frame=3,5,870,387,263,184,121,157,hit
frame=3,6,0,1447,311,151,147,141,hit
frame=3,7,773,770,233,211,91,161,hit
frame=4,0,1726,644,152,195,70,148,hit
frame=4,1,311,1426,202,177,74,135,hit
frame=4,2,299,736,241,160,106,131,hit
frame=4,3,899,1433,209,164,106,128,hit
frame=4,4,1547,1101,172,176,70,128,hit
frame=4,5,1346,1099,201,164,109,134,hit
frame=4,6,279,896,233,147,116,134,hit
frame=4,7,899,1247,199,186,79,151,hit
frame=5,0,1450,187,170,150,71,124,hit
frame=5,1,1494,1444,158,162,61,134,hit
frame=5,2,1719,1101,157,179,60,144,hit
frame=5,3,1494,1277,155,167,77,140,hit
frame=5,4,1298,1263,193,151,87,128,hit
frame=5,5,1649,1280,169,138,76,125,hit
frame=5,6,710,1202,160,132,72,120,hit
frame=5,7,1652,1418,151,138,50,125,hit
frame=6,0,258,1228,212,198,70,158,hit
frame=6,1,1304,1414,190,187,74,156,hit
frame=6,2,1385,394,235,203,102,164,hit
frame=6,3,1146,1060,200,188,96,160,hit
frame=6,4,263,1043,228,185,117,150,hit
frame=6,5,1108,1430,196,178,93,151,hit
frame=6,6,512,956,222,146,99,139,hit
frame=6,7,1098,1248,200,182,76,155,hit
frame=7,0,491,1102,219,234,67,190,hit
frame=7,1,785,571,241,199,104,174,hit
frame=7,2,909,181,281,206,124,175,hit
frame=7,3,543,547,242,195,106,171,hit
frame=7,4,1006,784,230,229,118,187,hit
frame=7,5,1486,644,240,211,103,178,hit
frame=7,6,317,348,281,175,122,171,hit
frame=7,7,1620,431,245,213,106,180,hit

[die]
frames=8
duration=1066ms
type=play_once
active_frame=0
frame=0,0,0,1179,220,223,74,175,die
frame=0,1,933,0,261,185,104,153,die
frame=0,2,0,188,319,168,145,148,die
frame=0,3,0,753,257,194,120,160,die
frame=0,4,0,947,217,232,107,182,die
frame=0,5,0,356,262,203,121,173,die
frame=0,6,0,0,322,188,144,177,die
frame=0,7,0,559,263,194,103,166,die
frame=1,0,220,1170,197,201,68,160,die
frame=1,1,263,743,244,159,95,133,die
frame=1,2,633,0,300,139,134,116,die
frame=1,3,263,559,236,184,108,150,die
frame=1,4,217,947,192,223,96,172,die
frame=1,5,0,1402,247,195,116,165,die
frame=1,6,322,0,311,168,142,151,die
frame=1,7,417,1170,239,178,98,154,die
frame=2,0,772,902,164,171,64,146,die
frame=2,1,1147,516,202,158,79,127,die
frame=2,2,417,1348,251,141,101,106,die
frame=2,3,1153,198,194,164,78,141,die
frame=2,4,1194,0,155,198,78,157,die
frame=2,5,507,729,206,173,95,144,die
frame=2,6,633,139,260,150,124,126,die
frame=2,7,713,746,203,156,92,137,die
frame=3,0,1167,753,172,171,67,139,die
frame=3,1,1150,362,183,154,71,123,die
frame=3,2,768,473,252,125,112,90,die
frame=3,3,936,877,221,158,100,126,die
frame=3,4,247,1371,165,190,90,152,die
frame=3,5,409,902,197,179,95,146,die
frame=3,6,893,185,260,152,116,124,die
frame=3,7,750,598,227,148,97,130,die
frame=4,0,606,902,166,175,68,129,die
frame=4,1,812,1169,162,163,60,114,die
frame=4,2,322,168,257,124,125,82,die
frame=4,3,499,587,251,142,131,91,die
frame=4,4,656,1169,156,170,85,128,die
frame=4,5,1157,924,183,170,101,131,die
frame=4,6,319,292,257,144,114,110,die
frame=4,7,893,337,257,136,104,117,die
frame=5,0,977,607,168,165,68,113,die
frame=5,1,974,1126,150,160,53,99,die
frame=5,2,916,772,251,105,122,70,die
frame=5,3,576,361,257,110,139,65,die
frame=5,4,668,1339,158,147,88,98,die
frame=5,5,826,1332,150,153,85,106,die
frame=5,6,262,436,249,123,117,87,die
frame=5,7,511,471,257,116,108,96,die
frame=6,0,976,1286,160,133,69,82,die
frame=6,1,1136,1216,135,143,51,79,die
frame=6,2,976,1419,224,95,104,52,die
frame=6,3,409,1081,239,89,132,49,die
frame=6,4,701,1486,161,116,91,61,die
frame=6,5,1200,1359,139,127,80,75,die
frame=6,6,936,1035,220,91,114,55,die
frame=6,7,862,1514,238,85,105,63,die
frame=7,0,1156,1094,155,122,69,73,die
frame=7,1,1020,473,127,134,51,71,die
frame=7,2,648,1077,209,92,94,46,die
frame=7,3,1100,1514,226,86,124,47,die
frame=7,4,545,1489,156,110,86,53,die
frame=7,5,412,1489,133,115,75,62,die
frame=7,6,1145,674,204,79,110,43,die
frame=7,7,668,289,225,72,102,49,die

[critdie]
frames=8
duration=1066ms
type=play_once
active_frame=0
frame=0,0,0,1179,220,223,74,175,die
frame=0,1,933,0,261,185,104,153,die
frame=0,2,0,188,319,168,145,148,die
frame=0,3,0,753,257,194,120,160,die
frame=0,4,0,947,217,232,107,182,die
frame=0,5,0,356,262,203,121,173,die
frame=0,6,0,0,322,188,144,177,die
frame=0,7,0,559,263,194,103,166,die
frame=1,0,220,1170,197,201,68,160,die
frame=1,1,263,743,244,159,95,133,die
frame=1,2,633,0,300,139,134,116,die
frame=1,3,263,559,236,184,108,150,die
frame=1,4,217,947,192,223,96,172,die
frame=1,5,0,1402,247,195,116,165,die
frame=1,6,322,0,311,168,142,151,die
frame=1,7,417,1170,239,178,98,154,die
frame=2,0,772,902,164,171,64,146,die
frame=2,1,1147,516,202,158,79,127,die
frame=2,2,417,1348,251,141,101,106,die
frame=2,3,1153,198,194,164,78,141,die
frame=2,4,1194,0,155,198,78,157,die
frame=2,5,507,729,206,173,95,144,die
frame=2,6,633,139,260,150,124,126,die
frame=2,7,713,746,203,156,92,137,die
frame=3,0,1167,753,172,171,67,139,die
frame=3,1,1150,362,183,154,71,123,die
frame=3,2,768,473,252,125,112,90,die
frame=3,3,936,877,221,158,100,126,die
frame=3,4,247,1371,165,190,90,152,die
frame=3,5,409,902,197,179,95,146,die
frame=3,6,893,185,260,152,116,124,die
frame=3,7,750,598,227,148,97,130,die
frame=4,0,606,902,166,175,68,129,die
frame=4,1,812,1169,162,163,60,114,die
frame=4,2,322,168,257,124,125,82,die
frame=4,3,499,587,251,142,131,91,die
frame=4,4,656,1169,156,170,85,128,die
frame=4,5,1157,924,183,170,101,131,die
frame=4,6,319,292,257,144,114,110,die
frame=4,7,893,337,257,136,104,117,die
frame=5,0,977,607,168,165,68,113,die
frame=5,1,974,1126,150,160,53,99,die
frame=5,2,916,772,251,105,122,70,die
frame=5,3,576,361,257,110,139,65,die
frame=5,4,668,1339,158,147,88,98,die
frame=5,5,826,1332,150,153,85,106,die
frame=5,6,262,436,249,123,117,87,die
frame=5,7,511,471,257,116,108,96,die
frame=6,0,976,1286,160,133,69,82,die
frame=6,1,1136,1216,135,143,51,79,die
frame=6,2,976,1419,224,95,104,52,die
frame=6,3,409,1081,239,89,132,49,die
frame=6,4,701,1486,161,116,91,61,die
frame=6,5,1200,1359,139,127,80,75,die
frame=6,6,936,1035,220,91,114,55,die
frame=6,7,862,1514,238,85,105,63,die
frame=7,0,1156,1094,155,122,69,73,die
frame=7,1,1020,473,127,134,51,71,die
frame=7,2,648,1077,209,92,94,46,die
frame=7,3,1100,1514,226,86,124,47,die
frame=7,4,545,1489,156,110,86,53,die
frame=7,5,412,1489,133,115,75,62,die
frame=7,6,1145,674,204,79,110,43,die
frame=7,7,668,289,225,72,102,49,die
