image=images/enemies/wyvern_air/wyvern_air_stance.png,stance
image=images/enemies/wyvern_air/wyvern_air_run.png,run
image=images/enemies/wyvern_air/wyvern_air_swing.png,swing
image=images/enemies/wyvern_air/wyvern_air_cast.png,cast
image=images/enemies/wyvern_air/wyvern_air_dash_attack.png,dash_attack
image=images/enemies/wyvern_air/wyvern_air_hit.png,hit
image=images/enemies/wyvern_air/wyvern_air_die.png,die

[stance]
frames=8
duration=800ms
type=looped
frame=0,0,1592,218,129,209,36,181,stance
frame=0,1,1327,921,197,202,67,183,stance
frame=0,2,454,1809,241,190,102,183,stance
frame=0,3,1524,952,197,202,89,183,stance
frame=0,4,905,1769,149,208,60,181,stance
frame=0,5,1517,1154,199,190,89,178,stance
frame=0,6,1218,270,241,171,102,174,stance
frame=0,7,1443,1344,199,190,67,178,stance
frame=1,0,1174,640,157,263,50,236,stance
frame=1,1,0,1702,297,245,128,224,stance
frame=1,2,984,441,320,199,130,192,stance
frame=1,3,285,624,299,244,115,224,stance
frame=1,4,271,1165,167,263,63,236,stance
frame=1,5,584,635,296,244,115,218,stance
frame=1,6,656,259,322,189,131,192,stance
frame=1,7,880,640,294,245,127,219,stance
frame=2,0,269,875,164,290,44,288,stance
frame=2,1,0,875,269,292,99,288,stance
frame=2,2,1292,0,300,270,110,262,stance
frame=2,3,0,581,285,294,102,288,stance
frame=2,4,1331,634,196,287,67,288,stance
frame=2,5,0,1436,280,266,102,271,stance
frame=2,6,433,879,296,231,110,235,stance
frame=2,7,0,1167,271,269,99,271,stance
frame=3,0,297,1669,157,306,44,278,stance
frame=3,1,0,0,318,289,135,272,stance
frame=3,2,318,0,342,235,150,228,stance
frame=3,3,0,289,313,292,121,274,stance
frame=3,4,1527,641,180,311,64,280,stance
frame=3,5,978,0,314,263,122,246,stance
frame=3,6,313,433,343,191,151,198,stance
frame=3,7,660,0,318,259,137,243,stance
frame=4,0,280,1428,166,241,60,191,stance
frame=4,1,454,1583,292,226,148,194,stance
frame=4,2,318,235,338,198,151,195,stance
frame=4,3,880,885,286,225,107,194,stance
frame=4,4,746,1528,160,241,60,191,stance
frame=4,5,446,1346,286,237,107,186,stance
frame=4,6,656,448,328,187,151,182,stance
frame=4,7,438,1110,291,236,148,186,stance
frame=5,0,1211,1767,154,208,59,196,stance
frame=5,1,1365,1767,153,208,70,200,stance
frame=5,2,1541,1534,123,209,39,201,stance
frame=5,3,1518,1767,149,208,57,200,stance
frame=5,4,1054,1767,157,208,55,196,stance
frame=5,5,729,1088,147,218,57,191,stance
frame=5,6,732,1306,125,210,40,187,stance
frame=5,7,906,1528,155,220,69,191,stance
frame=6,0,1229,1549,160,213,68,192,stance
frame=6,1,1255,1335,188,214,89,196,stance
frame=6,2,746,1769,159,206,63,197,stance
frame=6,3,1545,427,173,214,72,196,stance
frame=6,4,1166,903,161,214,61,192,stance
frame=6,5,1061,1546,168,221,71,187,stance
frame=6,6,729,879,151,209,62,184,stance
frame=6,7,1064,1323,191,223,89,188,stance
frame=7,0,1592,0,129,218,37,185,stance
frame=7,1,876,1110,216,211,84,187,stance
frame=7,2,1304,441,241,193,104,188,stance
frame=7,3,1308,1123,209,212,93,187,stance
frame=7,4,1389,1549,152,218,58,185,stance
frame=7,5,857,1321,207,207,93,181,stance
frame=7,6,978,263,240,178,104,177,stance
frame=7,7,1092,1117,216,206,84,181,stance

[block]
frames=2
duration=200ms
type=play_once
active_frame=0
frame=0,0,1592,218,129,209,36,181,stance
frame=0,1,1327,921,197,202,67,183,stance
frame=0,2,454,1809,241,190,102,183,stance
frame=0,3,1524,952,197,202,89,183,stance
frame=0,4,905,1769,149,208,60,181,stance
frame=0,5,1517,1154,199,190,89,178,stance
frame=0,6,1218,270,241,171,102,174,stance
frame=0,7,1443,1344,199,190,67,178,stance
frame=1,0,1174,640,157,263,50,236,stance
frame=1,1,0,1702,297,245,128,224,stance
frame=1,2,984,441,320,199,130,192,stance
frame=1,3,285,624,299,244,115,224,stance
frame=1,4,271,1165,167,263,63,236,stance
frame=1,5,584,635,296,244,115,218,stance
frame=1,6,656,259,322,189,131,192,stance
frame=1,7,880,640,294,245,127,219,stance

[run]
frames=8
duration=533ms
type=looped
frame=0,0,488,1562,230,231,75,184,run
frame=0,1,554,1223,261,198,104,167,run
frame=0,2,0,432,315,188,141,170,run
frame=0,3,857,1116,262,199,119,168,run
frame=0,4,255,1562,233,231,111,184,run
frame=0,5,0,1318,262,207,119,178,run
frame=0,6,655,567,314,199,141,193,run
frame=0,7,262,1356,260,206,104,178,run
frame=1,0,1743,211,223,256,71,211,run
frame=1,1,589,766,290,214,143,198,run
frame=1,2,355,169,341,202,150,168,run
frame=1,3,879,899,285,217,103,199,run
frame=1,4,1145,1517,240,259,123,211,run
frame=1,5,293,864,288,231,104,190,run
frame=1,6,710,168,342,172,151,166,run
frame=1,7,0,1085,287,233,142,190,run
frame=2,0,1385,1516,240,259,112,225,run
frame=2,1,1639,716,307,250,173,227,run
frame=2,2,0,200,338,232,146,194,run
frame=2,3,1690,467,276,249,84,227,run
frame=2,4,287,1095,267,261,106,225,run
frame=2,5,581,980,276,243,84,192,run
frame=2,6,1419,0,338,175,146,153,run
frame=2,7,1328,682,311,245,173,192,run
frame=3,0,917,1517,228,272,107,226,run
frame=3,1,1419,175,324,258,175,238,run
frame=3,2,1065,0,354,240,162,206,run
frame=3,3,0,826,293,259,101,240,run
frame=3,4,0,1525,255,271,98,227,run
frame=3,5,295,620,294,244,102,196,run
frame=3,6,355,0,355,169,163,154,run
frame=3,7,1052,240,324,244,175,196,run
frame=4,0,718,1517,199,276,75,225,run
frame=4,1,1376,433,314,249,147,217,run
frame=4,2,0,0,355,200,163,170,run
frame=4,3,338,371,317,249,125,217,run
frame=4,4,1705,1728,219,277,97,225,run
frame=4,5,696,340,318,227,126,191,run
frame=4,6,710,0,355,168,163,162,run
frame=4,7,1014,484,314,228,147,191,run
frame=5,0,1484,1326,231,187,81,162,run
frame=5,1,0,1796,193,212,59,164,run
frame=5,2,641,1793,162,211,68,172,run
frame=5,3,193,1796,217,211,115,164,run
frame=5,4,1705,1542,238,186,112,162,run
frame=5,5,1323,1130,213,196,115,198,run
frame=5,6,1164,899,163,223,68,212,run
frame=5,7,1536,1130,196,195,59,198,run
frame=6,0,1732,966,233,186,80,156,run
frame=6,1,1757,0,205,211,58,164,run
frame=6,2,1119,1122,204,204,89,172,run
frame=6,3,803,1793,222,210,122,164,run
frame=6,4,1732,1152,228,186,106,156,run
frame=6,5,1060,1326,220,191,122,192,run
frame=6,6,1025,1789,203,218,89,207,run
frame=6,7,1280,1326,204,190,58,192,run
frame=7,0,1228,1776,233,216,77,169,run
frame=7,1,1715,1338,244,204,86,164,run
frame=7,2,969,712,296,187,134,171,run
frame=7,3,815,1315,245,202,125,164,run
frame=7,4,410,1793,231,215,109,168,run
frame=7,5,1327,927,245,203,125,182,run
frame=7,6,0,620,295,206,134,198,run
frame=7,7,1461,1775,244,203,86,182,run

[swing]
frames=8
duration=1066ms
type=play_once
frame=0,0,0,381,262,211,130,187,swing
frame=0,1,0,592,244,213,140,209,swing
frame=0,2,0,1245,231,225,96,205,swing
frame=0,3,244,602,251,214,71,209,swing
frame=0,4,793,396,278,211,99,187,swing
frame=0,5,1300,403,248,212,71,165,swing
frame=0,6,909,0,231,193,96,160,swing
frame=0,7,1585,197,243,210,140,165,swing
frame=1,0,495,603,273,214,136,188,swing
frame=1,1,0,805,243,218,143,211,swing
frame=1,2,1392,1276,241,228,100,205,swing
frame=1,3,738,821,259,215,72,211,swing
frame=1,4,1246,829,281,215,100,188,swing
frame=1,5,768,607,249,214,69,166,swing
frame=1,6,1140,0,240,195,101,160,swing
frame=1,7,1017,610,245,214,143,166,swing
frame=2,0,1633,1324,265,228,138,193,swing
frame=2,1,274,1473,242,229,152,216,swing
frame=2,2,0,1473,274,228,118,203,swing
frame=2,3,1229,1044,267,223,75,216,swing
frame=2,4,1109,1267,283,227,99,193,swing
frame=2,5,231,1030,257,220,65,171,swing
frame=2,6,0,181,274,200,118,165,swing
frame=2,7,1765,881,257,219,153,171,swing
frame=3,0,1553,1552,199,249,105,207,swing
frame=3,1,1283,1504,270,238,164,219,swing
frame=3,2,231,1252,320,221,139,195,swing
frame=3,3,768,1490,257,230,65,219,swing
frame=3,4,1752,1552,231,250,78,207,swing
frame=3,5,1496,1053,255,223,63,175,swing
frame=3,6,294,0,318,191,139,171,swing
frame=3,7,1751,1100,271,224,164,176,swing
frame=4,0,997,824,249,216,95,181,swing
frame=4,1,1025,1494,258,230,68,178,swing
frame=4,2,1262,615,276,214,119,177,swing
frame=4,3,516,1483,252,229,154,177,swing
frame=4,4,243,816,250,214,120,179,swing
frame=4,5,274,191,255,200,155,193,swing
frame=4,6,529,191,275,203,122,182,swing
frame=4,7,1100,195,257,204,68,196,swing
frame=5,0,681,1258,205,225,85,184,swing
frame=5,1,886,1264,223,226,51,182,swing
frame=5,2,804,193,296,203,129,182,swing
frame=5,3,995,1040,234,224,137,182,swing
frame=5,4,1828,228,192,225,88,183,swing
frame=5,5,1357,197,228,206,135,187,swing
frame=5,6,499,394,294,209,131,182,swing
frame=5,7,1380,0,241,197,70,188,swing
frame=6,0,1876,0,123,228,50,186,swing
frame=6,1,1538,619,240,214,109,188,swing
frame=6,2,612,0,297,191,132,189,swing
frame=6,3,1778,666,238,215,95,188,swing
frame=6,4,551,1252,130,228,34,186,swing
frame=6,5,262,391,237,211,95,181,swing
frame=6,6,0,0,294,181,132,177,swing
frame=6,7,1548,407,237,212,109,181,swing
frame=7,0,0,1023,231,222,120,189,swing
frame=7,1,1071,399,229,211,138,200,swing
frame=7,2,737,1036,258,222,109,193,swing
frame=7,3,1527,833,238,220,57,200,swing
frame=7,4,488,1031,249,221,90,188,swing
frame=7,5,493,817,245,214,71,172,swing
frame=7,6,1621,0,255,197,110,166,swing
frame=7,7,1785,453,226,213,139,172,swing

[cast]
frames=8
duration=800ms
type=play_once
frame=0,0,597,189,220,198,58,161,cast
frame=0,1,1758,594,188,212,66,175,cast
frame=0,2,1553,594,205,206,92,180,cast
frame=0,3,1522,1009,189,212,96,175,cast
frame=0,4,817,189,224,198,119,161,cast
frame=0,5,221,179,190,197,96,173,cast
frame=0,6,1224,0,206,191,92,190,cast
frame=0,7,411,179,186,197,66,173,cast
frame=1,0,1041,191,221,198,59,160,cast
frame=1,1,1728,806,191,211,67,174,cast
frame=1,2,641,588,203,204,92,178,cast
frame=1,3,0,567,190,209,97,174,cast
frame=1,4,1262,192,226,198,120,160,cast
frame=1,5,1722,193,190,199,96,174,cast
frame=1,6,1430,0,205,192,92,191,cast
frame=1,7,0,368,191,199,67,174,cast
frame=2,0,1488,193,234,198,65,154,cast
frame=2,1,306,788,199,208,73,168,cast
frame=2,2,707,387,221,201,102,174,cast
frame=2,3,1528,800,200,209,104,169,cast
frame=2,4,191,376,234,198,124,154,cast
frame=2,5,844,590,199,204,104,175,cast
frame=2,6,0,173,221,195,103,192,cast
frame=2,7,1043,591,200,204,74,175,cast
frame=3,0,1614,392,239,202,72,148,cast
frame=3,1,190,574,223,202,76,157,cast
frame=3,2,1635,0,282,193,132,163,cast
frame=3,3,413,586,228,202,123,157,cast
frame=3,4,928,389,238,201,125,146,cast
frame=3,5,1166,390,228,201,123,175,cast
frame=3,6,425,387,282,199,133,192,cast
frame=3,7,1394,391,220,201,76,175,cast
frame=4,0,1707,1241,230,238,75,213,cast
frame=4,1,505,792,247,208,55,173,cast
frame=4,2,0,0,303,173,125,145,cast
frame=4,3,752,794,233,208,146,173,cast
frame=4,4,965,1438,226,238,115,213,cast
frame=4,5,1711,1017,234,224,146,223,cast
frame=4,6,1229,797,299,208,125,196,cast
frame=4,7,1461,1221,246,225,54,223,cast
frame=5,0,1427,1446,236,242,75,215,cast
frame=5,1,490,1000,247,210,55,176,cast
frame=5,2,303,0,310,179,128,149,cast
frame=5,3,737,1002,237,210,145,177,cast
frame=5,4,1191,1438,236,240,120,216,cast
frame=5,5,978,1213,237,225,145,225,cast
frame=5,6,1216,1005,306,209,128,198,cast
frame=5,7,1215,1214,246,224,54,224,cast
frame=6,0,724,1426,241,237,74,205,cast
frame=6,1,244,1205,246,211,54,171,cast
frame=6,2,613,0,308,189,130,159,cast
frame=6,3,974,1003,242,210,148,171,cast
frame=6,4,483,1422,241,235,125,205,cast
frame=6,5,490,1210,242,212,148,215,cast
frame=6,6,1243,592,310,205,130,196,cast
frame=6,7,732,1213,246,213,54,215,cast
frame=7,0,243,1416,240,233,73,200,cast
frame=7,1,245,996,245,209,53,168,cast
frame=7,2,921,0,303,189,130,163,cast
frame=7,3,0,1191,244,210,149,168,cast
frame=7,4,0,1401,243,232,124,200,cast
frame=7,5,985,795,244,208,149,212,cast
frame=7,6,0,776,306,207,129,200,cast
frame=7,7,0,983,245,208,53,212,cast

[shoot]
frames=8
duration=800ms
type=play_once
frame=0,0,597,189,220,198,58,161,cast
frame=0,1,1758,594,188,212,66,175,cast
frame=0,2,1553,594,205,206,92,180,cast
frame=0,3,1522,1009,189,212,96,175,cast
frame=0,4,817,189,224,198,119,161,cast
frame=0,5,221,179,190,197,96,173,cast
frame=0,6,1224,0,206,191,92,190,cast
frame=0,7,411,179,186,197,66,173,cast
frame=1,0,1041,191,221,198,59,160,cast
frame=1,1,1728,806,191,211,67,174,cast
frame=1,2,641,588,203,204,92,178,cast
frame=1,3,0,567,190,209,97,174,cast
frame=1,4,1262,192,226,198,120,160,cast
frame=1,5,1722,193,190,199,96,174,cast
frame=1,6,1430,0,205,192,92,191,cast
frame=1,7,0,368,191,199,67,174,cast
frame=2,0,1488,193,234,198,65,154,cast
frame=2,1,306,788,199,208,73,168,cast
frame=2,2,707,387,221,201,102,174,cast
frame=2,3,1528,800,200,209,104,169,cast
frame=2,4,191,376,234,198,124,154,cast
frame=2,5,844,590,199,204,104,175,cast
frame=2,6,0,173,221,195,103,192,cast
frame=2,7,1043,591,200,204,74,175,cast
frame=3,0,1614,392,239,202,72,148,cast
frame=3,1,190,574,223,202,76,157,cast
frame=3,2,1635,0,282,193,132,163,cast
frame=3,3,413,586,228,202,123,157,cast
frame=3,4,928,389,238,201,125,146,cast
frame=3,5,1166,390,228,201,123,175,cast
frame=3,6,425,387,282,199,133,192,cast
frame=3,7,1394,391,220,201,76,175,cast
frame=4,0,1707,1241,230,238,75,213,cast
frame=4,1,505,792,247,208,55,173,cast
frame=4,2,0,0,303,173,125,145,cast
frame=4,3,752,794,233,208,146,173,cast
frame=4,4,965,1438,226,238,115,213,cast
frame=4,5,1711,1017,234,224,146,223,cast
frame=4,6,1229,797,299,208,125,196,cast
frame=4,7,1461,1221,246,225,54,223,cast
frame=5,0,1427,1446,236,242,75,215,cast
frame=5,1,490,1000,247,210,55,176,cast
frame=5,2,303,0,310,179,128,149,cast
frame=5,3,737,1002,237,210,145,177,cast
frame=5,4,1191,1438,236,240,120,216,cast
frame=5,5,978,1213,237,225,145,225,cast
frame=5,6,1216,1005,306,209,128,198,cast
frame=5,7,1215,1214,246,224,54,224,cast
frame=6,0,724,1426,241,237,74,205,cast
frame=6,1,244,1205,246,211,54,171,cast
frame=6,2,613,0,308,189,130,159,cast
frame=6,3,974,1003,242,210,148,171,cast
frame=6,4,483,1422,241,235,125,205,cast
frame=6,5,490,1210,242,212,148,215,cast
frame=6,6,1243,592,310,205,130,196,cast
frame=6,7,732,1213,246,213,54,215,cast
frame=7,0,243,1416,240,233,73,200,cast
frame=7,1,245,996,245,209,53,168,cast
frame=7,2,921,0,303,189,130,163,cast
frame=7,3,0,1191,244,210,149,168,cast
frame=7,4,0,1401,243,232,124,200,cast
frame=7,5,985,795,244,208,149,212,cast
frame=7,6,0,776,306,207,129,200,cast
frame=7,7,0,983,245,208,53,212,cast

[dash_attack]
frames=8
duration=400ms
type=play_once
active_frame=0
frame=0,0,0,1277,232,225,74,184,dash_attack
frame=0,1,235,797,247,198,93,167,dash_attack
frame=0,2,0,399,306,195,135,169,dash_attack
frame=0,3,0,1707,250,198,117,168,dash_attack
frame=0,4,0,594,235,228,118,185,dash_attack
frame=0,5,615,0,254,200,117,181,dash_attack
frame=0,6,0,200,306,199,135,190,dash_attack
frame=0,7,233,1392,247,198,93,180,dash_attack
frame=1,0,778,390,228,198,67,176,dash_attack
frame=1,1,705,774,198,187,52,160,dash_attack
frame=1,2,250,1590,242,202,101,167,dash_attack
frame=1,3,492,1702,212,189,110,161,dash_attack
frame=1,4,235,594,234,203,123,178,dash_attack
frame=1,5,1110,946,210,178,109,180,dash_attack
frame=1,6,551,200,243,189,101,180,dash_attack
frame=1,7,903,1498,198,175,52,177,dash_attack
frame=2,0,1230,400,223,184,62,170,dash_attack
frame=2,1,1317,584,188,183,48,155,dash_attack
frame=2,2,1027,201,205,198,81,161,dash_attack
frame=2,3,710,1328,193,181,104,155,dash_attack
frame=2,4,469,589,233,185,125,170,dash_attack
frame=2,5,707,1157,196,171,104,175,dash_attack
frame=2,6,1108,764,206,182,81,177,dash_attack
frame=2,7,1312,1473,190,171,49,175,dash_attack
frame=3,0,482,774,223,187,49,176,dash_attack
frame=3,1,917,959,193,184,35,153,dash_attack
frame=3,2,714,961,203,196,72,153,dash_attack
frame=3,3,1314,767,192,178,107,146,dash_attack
frame=3,4,482,1330,228,177,138,161,dash_attack
frame=3,5,1312,1124,196,166,120,172,dash_attack
frame=3,6,1110,1124,202,180,88,182,dash_attack
frame=3,7,1320,945,187,176,43,186,dash_attack
frame=4,0,1006,399,224,184,69,167,dash_attack
frame=4,1,1312,1290,190,183,58,158,dash_attack
frame=4,2,1232,199,202,201,87,168,dash_attack
frame=4,3,903,1314,195,184,104,163,dash_attack
frame=4,4,482,961,232,185,118,175,dash_attack
frame=4,5,1101,1655,195,172,93,176,dash_attack
frame=4,6,702,589,201,185,72,178,dash_attack
frame=4,7,1296,1644,189,169,48,169,dash_attack
frame=5,0,482,1146,225,184,75,171,dash_attack
frame=5,1,910,1673,189,182,57,163,dash_attack
frame=5,2,704,1699,206,198,81,171,dash_attack
frame=5,3,903,588,201,186,96,163,dash_attack
frame=5,4,794,201,233,189,112,175,dash_attack
frame=5,5,1101,1480,195,175,95,176,dash_attack
frame=5,6,903,774,205,185,80,174,dash_attack
frame=5,7,917,1143,193,171,58,171,dash_attack
frame=6,0,549,389,229,200,74,178,dash_attack
frame=6,1,703,1509,198,190,57,164,dash_attack
frame=6,2,306,384,243,199,102,172,dash_attack
frame=6,3,492,1507,211,195,104,168,dash_attack
frame=6,4,0,1502,233,205,116,181,dash_attack
frame=6,5,1104,584,213,180,104,181,dash_attack
frame=6,6,307,195,244,189,101,178,dash_attack
frame=6,7,1110,1304,202,176,58,176,dash_attack
frame=7,0,0,1050,234,227,76,185,dash_attack
frame=7,1,234,1194,248,198,94,169,dash_attack
frame=7,2,307,0,308,195,135,171,dash_attack
frame=7,3,1121,0,250,199,115,170,dash_attack
frame=7,4,0,822,234,228,116,186,dash_attack
frame=7,5,869,0,252,201,115,181,dash_attack
frame=7,6,0,0,307,200,135,189,dash_attack
frame=7,7,234,995,248,199,94,180,dash_attack

[hit]
frames=8
duration=533ms
type=play_once
active_frame=0
frame=0,0,1112,375,220,244,65,201,hit
frame=0,1,852,375,260,207,113,184,hit
frame=0,2,0,580,299,200,131,180,hit
frame=0,3,810,582,252,206,105,184,hit
frame=0,4,1510,353,223,244,111,201,hit
frame=0,5,301,503,256,224,105,191,hit
frame=0,6,1320,0,300,187,131,185,hit
frame=0,7,0,1221,258,226,113,191,hit
frame=1,0,1307,619,203,234,66,186,hit
frame=1,1,936,181,284,194,132,170,hit
frame=1,2,995,0,325,181,143,167,hit
frame=1,3,557,533,253,207,107,176,hit
frame=1,4,1510,597,214,243,98,193,hit
frame=1,5,0,780,279,217,117,185,hit
frame=1,6,0,0,326,184,151,182,hit
frame=1,7,0,997,263,224,111,180,hit
frame=2,0,1724,649,172,228,59,179,hit
frame=2,1,637,175,299,174,141,154,hit
frame=2,2,326,0,335,174,149,161,hit
frame=2,3,1265,853,233,214,106,174,hit
frame=2,4,1332,362,178,246,79,193,hit
frame=2,5,0,376,301,204,129,180,hit
frame=2,6,661,0,334,175,155,172,hit
frame=2,7,299,727,242,213,91,167,hit
frame=3,0,1295,1213,209,221,71,164,hit
frame=3,1,317,325,272,178,126,145,hit
frame=3,2,0,184,317,192,142,150,hit
frame=3,3,279,940,240,184,115,143,hit
frame=3,4,1004,992,228,216,118,163,hit
frame=3,5,589,349,263,184,121,157,hit
frame=3,6,326,174,311,151,147,141,hit
frame=3,7,541,939,233,211,91,161,hit
frame=4,0,943,1212,152,195,70,148,hit
frame=4,1,712,1410,202,176,74,135,hit
frame=4,2,1024,832,241,160,106,131,hit
frame=4,3,1510,840,209,164,106,128,hit
frame=4,4,914,1410,172,176,70,128,hit
frame=4,5,1498,1004,202,164,110,134,hit
frame=4,6,1501,206,233,147,116,134,hit
frame=4,7,1504,1168,199,186,79,151,hit
frame=5,0,1733,367,170,150,71,124,hit
frame=5,1,1734,206,158,161,61,133,hit
frame=5,2,1086,1407,157,179,60,144,hit
frame=5,3,1719,877,155,167,77,140,hit
frame=5,4,1243,1434,193,151,87,128,hit
frame=5,5,0,1447,169,138,76,125,hit
frame=5,6,1733,517,160,132,72,120,hit
frame=5,7,1694,1404,151,138,50,125,hit
frame=6,0,731,1212,212,198,70,158,hit
frame=6,1,1504,1354,190,187,74,156,hit
frame=6,2,258,1335,235,203,102,164,hit
frame=6,3,1095,1213,200,188,96,160,hit
frame=6,4,503,1150,228,185,117,150,hit
frame=6,5,1703,1226,196,178,93,151,hit
frame=6,6,1232,1067,222,146,99,139,hit
frame=6,7,1703,1044,200,182,76,155,hit
frame=7,0,493,1335,219,234,67,190,hit
frame=7,1,541,740,241,199,104,174,hit
frame=7,2,1620,0,281,206,124,175,hit
frame=7,3,782,788,242,195,106,171,hit
frame=7,4,774,983,230,229,118,187,hit
frame=7,5,263,1124,240,211,103,178,hit
frame=7,6,1220,187,281,175,122,171,hit
frame=7,7,1062,619,245,213,106,180,hit

[die]
frames=8
duration=1066ms
type=play_once
active_frame=0
frame=0,0,0,1179,218,223,74,175,die
frame=0,1,633,139,261,185,104,153,die
frame=0,2,0,188,319,168,145,148,die
frame=0,3,0,753,257,194,120,160,die
frame=0,4,0,947,217,232,107,182,die
frame=0,5,0,356,262,203,121,173,die
frame=0,6,0,0,322,188,144,177,die
frame=0,7,0,559,263,194,103,166,die
frame=1,0,0,1625,197,201,68,160,die
frame=1,1,218,1360,244,159,95,133,die
frame=1,2,633,0,300,139,134,116,die
frame=1,3,218,1176,236,184,108,150,die
frame=1,4,0,1402,192,223,96,172,die
frame=1,5,263,470,247,195,116,165,die
frame=1,6,322,0,311,168,142,151,die
frame=1,7,197,1624,239,178,98,154,die
frame=2,0,514,1033,164,171,64,146,die
frame=2,1,444,1522,202,158,79,127,die
frame=2,2,263,665,251,141,101,106,die
frame=2,3,903,1155,194,164,78,141,die
frame=2,4,514,660,155,198,78,157,die
frame=2,5,680,816,206,173,95,144,die
frame=2,6,322,168,260,150,124,126,die
frame=2,7,669,660,203,156,92,137,die
frame=3,0,462,1351,172,171,67,139,die
frame=3,1,933,0,183,154,71,123,die
frame=3,2,224,1802,253,125,113,90,die
frame=3,3,894,154,221,158,100,126,die
frame=3,4,510,470,165,190,90,152,die
frame=3,5,675,468,197,179,95,146,die
frame=3,6,319,318,260,152,116,124,die
frame=3,7,894,312,227,148,97,130,die
frame=4,0,514,858,166,175,68,129,die
frame=4,1,802,1347,162,163,60,114,die
frame=4,2,257,942,257,124,125,82,die
frame=4,3,872,460,251,142,131,91,die
frame=4,4,646,1512,156,170,85,128,die
frame=4,5,937,985,183,170,101,131,die
frame=4,6,579,324,257,144,114,110,die
frame=4,7,257,806,257,136,104,117,die
frame=5,0,634,1347,168,165,68,113,die
frame=5,1,802,1510,150,160,53,99,die
frame=5,2,192,1519,252,105,123,70,die
frame=5,3,217,1066,258,110,140,65,die
frame=5,4,454,1204,158,147,88,98,die
frame=5,5,964,1319,150,153,85,106,die
frame=5,6,872,602,249,123,117,87,die
frame=5,7,680,989,257,116,108,96,die
frame=6,0,638,1774,162,133,69,82,die
frame=6,1,802,1670,135,143,51,79,die
frame=6,2,0,1826,224,95,104,52,die
frame=6,3,872,725,239,89,132,49,die
frame=6,4,477,1802,161,116,91,61,die
frame=6,5,952,1582,139,127,80,75,die
frame=6,6,678,1105,220,91,114,55,die
frame=6,7,886,814,238,85,105,63,die
frame=7,0,436,1680,155,122,69,73,die
frame=7,1,937,1709,127,134,51,71,die
frame=7,2,591,1682,209,92,94,46,die
frame=7,3,886,899,226,86,124,47,die
frame=7,4,964,1472,157,110,87,53,die
frame=7,5,800,1813,133,115,75,62,die
frame=7,6,612,1268,204,79,110,43,die
frame=7,7,678,1196,225,72,102,49,die

[critdie]
frames=8
duration=1066ms
type=play_once
active_frame=0
frame=0,0,0,1179,218,223,74,175,die
frame=0,1,633,139,261,185,104,153,die
frame=0,2,0,188,319,168,145,148,die
frame=0,3,0,753,257,194,120,160,die
frame=0,4,0,947,217,232,107,182,die
frame=0,5,0,356,262,203,121,173,die
frame=0,6,0,0,322,188,144,177,die
frame=0,7,0,559,263,194,103,166,die
frame=1,0,0,1625,197,201,68,160,die
frame=1,1,218,1360,244,159,95,133,die
frame=1,2,633,0,300,139,134,116,die
frame=1,3,218,1176,236,184,108,150,die
frame=1,4,0,1402,192,223,96,172,die
frame=1,5,263,470,247,195,116,165,die
frame=1,6,322,0,311,168,142,151,die
frame=1,7,197,1624,239,178,98,154,die
frame=2,0,514,1033,164,171,64,146,die
frame=2,1,444,1522,202,158,79,127,die
frame=2,2,263,665,251,141,101,106,die
frame=2,3,903,1155,194,164,78,141,die
frame=2,4,514,660,155,198,78,157,die
frame=2,5,680,816,206,173,95,144,die
frame=2,6,322,168,260,150,124,126,die
frame=2,7,669,660,203,156,92,137,die
frame=3,0,462,1351,172,171,67,139,die
frame=3,1,933,0,183,154,71,123,die
frame=3,2,224,1802,253,125,113,90,die
frame=3,3,894,154,221,158,100,126,die
frame=3,4,510,470,165,190,90,152,die
frame=3,5,675,468,197,179,95,146,die
frame=3,6,319,318,260,152,116,124,die
frame=3,7,894,312,227,148,97,130,die
frame=4,0,514,858,166,175,68,129,die
frame=4,1,802,1347,162,163,60,114,die
frame=4,2,257,942,257,124,125,82,die
frame=4,3,872,460,251,142,131,91,die
frame=4,4,646,1512,156,170,85,128,die
frame=4,5,937,985,183,170,101,131,die
frame=4,6,579,324,257,144,114,110,die
frame=4,7,257,806,257,136,104,117,die
frame=5,0,634,1347,168,165,68,113,die
frame=5,1,802,1510,150,160,53,99,die
frame=5,2,192,1519,252,105,123,70,die
frame=5,3,217,1066,258,110,140,65,die
frame=5,4,454,1204,158,147,88,98,die
frame=5,5,964,1319,150,153,85,106,die
frame=5,6,872,602,249,123,117,87,die
frame=5,7,680,989,257,116,108,96,die
frame=6,0,638,1774,162,133,69,82,die
frame=6,1,802,1670,135,143,51,79,die
frame=6,2,0,1826,224,95,104,52,die
frame=6,3,872,725,239,89,132,49,die
frame=6,4,477,1802,161,116,91,61,die
frame=6,5,952,1582,139,127,80,75,die
frame=6,6,678,1105,220,91,114,55,die
frame=6,7,886,814,238,85,105,63,die
frame=7,0,436,1680,155,122,69,73,die
frame=7,1,937,1709,127,134,51,71,die
frame=7,2,591,1682,209,92,94,46,die
frame=7,3,886,899,226,86,124,47,die
frame=7,4,964,1472,157,110,87,53,die
frame=7,5,800,1813,133,115,75,62,die
frame=7,6,612,1268,204,79,110,43,die
frame=7,7,678,1196,225,72,102,49,die
