image=images/enemies/wyvern_water/wyvern_water_stance.png,stance
image=images/enemies/wyvern_water/wyvern_water_run.png,run
image=images/enemies/wyvern_water/wyvern_water_swing.png,swing
image=images/enemies/wyvern_water/wyvern_water_cast.png,cast
image=images/enemies/wyvern_water/wyvern_water_dash_attack.png,dash_attack
image=images/enemies/wyvern_water/wyvern_water_hit.png,hit
image=images/enemies/wyvern_water/wyvern_water_die.png,die

[stance]
frames=8
duration=800ms
type=looped
frame=0,0,1292,1788,129,209,36,181,stance
frame=0,1,944,1812,197,202,67,183,stance
frame=0,2,296,1813,241,190,102,183,stance
frame=0,3,1515,1336,197,202,89,183,stance
frame=0,4,1563,1538,149,208,60,181,stance
frame=0,5,868,1183,199,190,89,178,stance
frame=0,6,1066,1000,241,171,102,174,stance
frame=0,7,1524,1146,199,190,67,178,stance
frame=1,0,563,881,157,263,50,236,stance
frame=1,1,0,1702,296,245,127,224,stance
frame=1,2,313,491,320,199,130,192,stance
frame=1,3,974,263,298,244,114,224,stance
frame=1,4,720,881,167,263,63,236,stance
frame=1,5,1272,270,296,244,115,218,stance
frame=1,6,1247,514,322,189,131,192,stance
frame=1,7,269,881,294,245,127,219,stance
frame=2,0,1246,703,164,290,44,288,stance
frame=2,1,0,875,269,292,99,288,stance
frame=2,2,1291,0,300,270,110,262,stance
frame=2,3,0,581,285,294,102,288,stance
frame=2,4,582,1585,196,286,67,288,stance
frame=2,5,0,1436,280,266,102,271,stance
frame=2,6,318,260,298,231,110,235,stance
frame=2,7,0,1167,271,269,99,271,stance
frame=3,0,1089,694,157,306,44,278,stance
frame=3,1,0,0,318,289,135,272,stance
frame=3,2,636,0,342,235,150,228,stance
frame=3,3,0,289,313,292,121,274,stance
frame=3,4,887,872,179,311,64,280,stance
frame=3,5,978,0,313,263,121,246,stance
frame=3,6,285,690,343,191,151,198,stance
frame=3,7,318,0,318,260,137,244,stance
frame=4,0,778,1585,166,241,60,191,stance
frame=4,1,280,1362,292,226,148,194,stance
frame=4,2,636,235,338,198,151,195,stance
frame=4,3,296,1588,286,225,107,194,stance
frame=4,4,1569,484,160,241,60,191,stance
frame=4,5,633,433,286,237,107,186,stance
frame=4,6,919,507,328,187,151,182,stance
frame=4,7,271,1126,290,236,148,186,stance
frame=5,0,1567,938,155,208,60,196,stance
frame=5,1,1410,1538,153,208,70,200,stance
frame=5,2,1570,1746,123,209,39,201,stance
frame=5,3,1421,1746,149,208,57,200,stance
frame=5,4,1410,909,157,208,55,196,stance
frame=5,5,972,1373,147,218,57,191,stance
frame=5,6,1285,1578,125,210,40,187,stance
frame=5,7,561,1144,155,218,69,191,stance
frame=6,0,1569,725,160,213,68,192,stance
frame=6,1,1119,1364,188,214,89,196,stance
frame=6,2,1410,703,159,206,63,197,stance
frame=6,3,1112,1591,173,214,72,196,stance
frame=6,4,1568,270,161,214,61,192,stance
frame=6,5,944,1591,168,221,71,187,stance
frame=6,6,1141,1805,151,209,62,184,stance
frame=6,7,572,1362,191,223,89,188,stance
frame=7,0,1591,0,129,218,37,185,stance
frame=7,1,633,670,216,211,84,187,stance
frame=7,2,1067,1171,241,193,104,188,stance
frame=7,3,763,1373,209,212,93,187,stance
frame=7,4,716,1144,152,218,58,185,stance
frame=7,5,1308,1323,207,207,93,181,stance
frame=7,6,849,694,240,178,104,177,stance
frame=7,7,1308,1117,216,206,84,181,stance

[block]
frames=2
duration=200ms
type=play_once
active_frame=0
frame=0,0,1292,1788,129,209,36,181,stance
frame=0,1,944,1812,197,202,67,183,stance
frame=0,2,296,1813,241,190,102,183,stance
frame=0,3,1515,1336,197,202,89,183,stance
frame=0,4,1563,1538,149,208,60,181,stance
frame=0,5,868,1183,199,190,89,178,stance
frame=0,6,1066,1000,241,171,102,174,stance
frame=0,7,1524,1146,199,190,67,178,stance
frame=1,0,563,881,157,263,50,236,stance
frame=1,1,0,1702,296,245,127,224,stance
frame=1,2,313,491,320,199,130,192,stance
frame=1,3,974,263,298,244,114,224,stance
frame=1,4,720,881,167,263,63,236,stance
frame=1,5,1272,270,296,244,115,218,stance
frame=1,6,1247,514,322,189,131,192,stance
frame=1,7,269,881,294,245,127,219,stance

[run]
frames=8
duration=533ms
type=looped
frame=0,0,294,1844,230,231,75,184,run
frame=0,1,267,2075,261,197,104,167,run
frame=0,2,679,656,315,188,141,170,run
frame=0,3,310,1373,262,199,119,168,run
frame=0,4,314,3469,233,231,111,184,run
frame=0,5,255,2272,262,207,119,178,run
frame=0,6,672,250,314,200,141,194,run
frame=0,7,572,1447,260,206,104,178,run
frame=1,0,289,2997,223,256,71,211,run
frame=1,1,673,844,290,214,143,198,run
frame=1,2,314,996,341,202,150,168,run
frame=1,3,653,1230,285,217,103,199,run
frame=1,4,276,2479,240,259,123,211,run
frame=1,5,0,3246,288,231,104,190,run
frame=1,6,655,1058,341,172,150,166,run
frame=1,7,0,3013,289,233,142,190,run
frame=2,0,276,2738,240,259,112,225,run
frame=2,1,692,0,306,250,172,227,run
frame=2,2,354,0,338,232,146,194,run
frame=2,3,0,2521,276,249,84,227,run
frame=2,4,0,1989,267,261,106,225,run
frame=2,5,0,2770,276,243,84,192,run
frame=2,6,314,1198,339,175,147,153,run
frame=2,7,0,1240,310,245,172,192,run
frame=3,0,294,1572,228,272,107,226,run
frame=3,1,0,240,324,258,175,238,run
frame=3,2,0,0,354,240,162,206,run
frame=3,3,0,1485,293,259,101,240,run
frame=3,4,0,2250,255,271,98,227,run
frame=3,5,0,1744,294,245,102,196,run
frame=3,6,324,659,355,169,163,154,run
frame=3,7,0,498,324,244,175,196,run
frame=4,0,516,2516,199,275,75,224,run
frame=4,1,0,991,314,249,147,217,run
frame=4,2,324,459,355,200,163,170,run
frame=4,3,0,742,318,249,126,217,run
frame=4,4,528,2054,219,276,97,224,run
frame=4,5,354,232,318,227,126,191,run
frame=4,6,318,828,355,168,163,162,run
frame=4,7,0,3477,314,228,147,191,run
frame=5,0,296,3705,231,187,81,162,run
frame=5,1,547,3430,193,212,59,164,run
frame=5,2,832,1447,162,211,68,172,run
frame=5,3,516,2791,217,211,115,164,run
frame=5,4,522,1653,238,186,112,162,run
frame=5,5,734,3058,213,196,115,198,run
frame=5,6,743,3648,163,223,68,212,run
frame=5,7,547,3642,196,195,59,198,run
frame=6,0,517,2330,233,186,80,156,run
frame=6,1,755,1844,203,211,58,164,run
frame=6,2,740,3254,204,204,89,172,run
frame=6,3,512,3002,222,210,122,164,run
frame=6,4,760,1658,228,186,106,156,run
frame=6,5,734,2867,220,191,122,192,run
frame=6,6,521,3212,203,218,89,207,run
frame=6,7,743,3458,204,190,58,192,run
frame=7,0,288,3253,233,216,77,169,run
frame=7,1,747,2055,244,204,86,164,run
frame=7,2,0,3705,296,187,134,171,run
frame=7,3,750,2462,246,202,126,164,run
frame=7,4,524,1839,231,215,109,168,run
frame=7,5,750,2259,245,203,125,182,run
frame=7,6,679,450,295,206,134,198,run
frame=7,7,733,2664,244,203,86,182,run

[swing]
frames=8
duration=1066ms
type=play_once
frame=0,0,283,372,262,211,130,187,swing
frame=0,1,1304,672,243,213,139,209,swing
frame=0,2,510,1500,231,225,96,205,swing
frame=0,3,526,1062,251,214,71,209,swing
frame=0,4,614,191,278,211,99,187,swing
frame=0,5,1276,1101,248,212,71,165,swing
frame=0,6,0,1588,231,193,96,160,swing
frame=0,7,267,1428,243,210,140,165,swing
frame=1,0,1168,209,273,214,136,188,swing
frame=1,1,267,1210,243,218,143,211,swing
frame=1,2,1778,641,241,228,100,205,swing
frame=1,3,545,402,259,215,72,211,swing
frame=1,4,1525,0,281,215,100,188,swing
frame=1,5,1027,1085,249,214,69,166,swing
frame=1,6,1463,1321,240,195,101,160,swing
frame=1,7,1529,893,245,214,143,166,swing
frame=2,0,0,1138,265,227,138,193,swing
frame=2,1,1038,856,242,229,152,216,swing
frame=2,2,0,686,274,228,118,203,swing
frame=2,3,0,1365,267,223,75,216,swing
frame=2,4,0,221,283,227,99,193,swing
frame=2,5,804,417,257,220,65,171,swing
frame=2,6,1716,220,274,200,118,165,swing
frame=2,7,790,637,257,219,153,171,swing
frame=3,0,1318,423,200,249,106,207,swing
frame=3,1,0,448,270,238,164,219,swing
frame=3,2,0,0,320,221,139,195,swing
frame=3,3,1061,423,257,230,65,219,swing
frame=3,4,1547,643,231,250,78,207,swing
frame=3,5,530,839,255,223,63,175,swing
frame=3,6,320,0,318,191,139,171,swing
frame=3,7,0,914,271,224,164,176,swing
frame=4,0,1280,885,249,216,95,181,swing
frame=4,1,274,583,258,230,68,178,swing
frame=4,2,892,203,276,214,119,177,swing
frame=4,3,785,856,253,229,155,177,swing
frame=4,4,777,1085,250,214,120,179,swing
frame=4,5,271,1010,255,200,155,193,swing
frame=4,6,1441,215,275,203,122,182,swing
frame=4,7,1047,653,257,203,68,196,swing
frame=5,0,1703,1321,205,225,85,184,swing
frame=5,1,1676,1546,223,226,51,182,swing
frame=5,2,935,0,296,203,129,182,swing
frame=5,3,510,1276,234,224,137,182,swing
frame=5,4,1518,418,192,225,88,183,swing
frame=5,5,1222,1510,228,206,135,187,swing
frame=5,6,1231,0,294,209,131,182,swing
frame=5,7,1222,1313,241,197,70,188,swing
frame=6,0,1908,1302,122,228,50,186,swing
frame=6,1,744,1299,240,214,109,188,swing
frame=6,2,638,0,297,191,132,189,swing
frame=6,3,984,1299,238,215,95,188,swing
frame=6,4,1899,1546,130,228,34,186,swing
frame=6,5,978,1514,237,211,95,181,swing
frame=6,6,320,191,294,181,132,177,swing
frame=6,7,741,1513,237,212,109,181,swing
frame=7,0,1778,869,231,222,120,189,swing
frame=7,1,1774,1091,229,211,138,200,swing
frame=7,2,532,617,258,222,109,193,swing
frame=7,3,1806,0,238,220,57,200,swing
frame=7,4,1710,420,249,221,90,188,swing
frame=7,5,1524,1107,245,214,71,172,swing
frame=7,6,274,813,256,197,111,166,swing
frame=7,7,1450,1516,226,213,139,172,swing

[cast]
frames=8
duration=800ms
type=play_once
frame=0,0,597,189,220,198,58,161,cast
frame=0,1,0,776,188,212,66,175,cast
frame=0,2,1280,592,205,206,92,180,cast
frame=0,3,1766,1006,189,212,96,175,cast
frame=0,4,817,189,223,198,119,161,cast
frame=0,5,221,179,190,197,96,173,cast
frame=0,6,1222,0,206,191,92,190,cast
frame=0,7,411,179,186,197,66,173,cast
frame=1,0,1040,191,221,198,59,160,cast
frame=1,1,0,1198,191,211,67,174,cast
frame=1,2,1077,591,203,205,92,179,cast
frame=1,3,0,567,189,209,96,174,cast
frame=1,4,1261,192,226,198,120,160,cast
frame=1,5,0,368,190,199,96,174,cast
frame=1,6,1428,0,205,192,92,191,cast
frame=1,7,190,376,191,199,67,174,cast
frame=2,0,1487,193,234,198,65,154,cast
frame=2,1,188,782,199,208,73,168,cast
frame=2,2,862,389,221,201,102,174,cast
frame=2,3,634,790,200,209,104,169,cast
frame=2,4,1721,193,234,198,124,154,cast
frame=2,5,381,376,199,204,104,175,cast
frame=2,6,0,173,221,195,103,192,cast
frame=2,7,640,586,199,204,73,175,cast
frame=3,0,1531,391,239,202,72,148,cast
frame=3,1,189,580,223,202,76,157,cast
frame=3,2,1633,0,282,193,132,163,cast
frame=3,3,412,586,228,202,123,157,cast
frame=3,4,839,590,238,202,125,146,cast
frame=3,5,1083,390,228,201,123,175,cast
frame=3,6,580,387,282,199,133,192,cast
frame=3,7,1311,391,220,201,76,175,cast
frame=4,0,965,1440,230,238,75,213,cast
frame=4,1,387,788,247,208,55,173,cast
frame=4,2,0,0,303,173,125,145,cast
frame=4,3,834,792,233,208,146,173,cast
frame=4,4,1195,1441,226,238,115,213,cast
frame=4,5,925,1215,234,224,146,223,cast
frame=4,6,1373,798,302,208,125,196,cast
frame=4,7,1405,1216,246,225,54,223,cast
frame=5,0,1657,1443,236,242,75,215,cast
frame=5,1,796,1000,247,210,55,176,cast
frame=5,2,303,0,310,179,128,149,cast
frame=5,3,1043,1005,237,210,145,177,cast
frame=5,4,1421,1443,236,240,120,216,cast
frame=5,5,1651,1218,237,225,145,225,cast
frame=5,6,245,996,306,209,128,198,cast
frame=5,7,1159,1216,246,224,54,224,cast
frame=6,0,724,1439,241,237,74,205,cast
frame=6,1,191,1205,246,211,54,171,cast
frame=6,2,613,0,306,189,130,159,cast
frame=6,3,1280,1006,242,210,148,171,cast
frame=6,4,483,1423,241,235,125,205,cast
frame=6,5,437,1208,242,212,148,215,cast
frame=6,6,1485,593,310,205,130,196,cast
frame=6,7,679,1210,246,213,54,215,cast
frame=7,0,243,1420,240,233,73,200,cast
frame=7,1,551,999,245,209,53,168,cast
frame=7,2,919,0,303,189,130,163,cast
frame=7,3,1522,1006,244,210,149,168,cast
frame=7,4,0,1416,243,232,124,200,cast
frame=7,5,1675,798,244,208,149,212,cast
frame=7,6,1067,798,306,207,129,200,cast
frame=7,7,0,990,245,208,53,212,cast

[shoot]
frames=8
duration=800ms
type=play_once
frame=0,0,597,189,220,198,58,161,cast
frame=0,1,0,776,188,212,66,175,cast
frame=0,2,1280,592,205,206,92,180,cast
frame=0,3,1766,1006,189,212,96,175,cast
frame=0,4,817,189,223,198,119,161,cast
frame=0,5,221,179,190,197,96,173,cast
frame=0,6,1222,0,206,191,92,190,cast
frame=0,7,411,179,186,197,66,173,cast
frame=1,0,1040,191,221,198,59,160,cast
frame=1,1,0,1198,191,211,67,174,cast
frame=1,2,1077,591,203,205,92,179,cast
frame=1,3,0,567,189,209,96,174,cast
frame=1,4,1261,192,226,198,120,160,cast
frame=1,5,0,368,190,199,96,174,cast
frame=1,6,1428,0,205,192,92,191,cast
frame=1,7,190,376,191,199,67,174,cast
frame=2,0,1487,193,234,198,65,154,cast
frame=2,1,188,782,199,208,73,168,cast
frame=2,2,862,389,221,201,102,174,cast
frame=2,3,634,790,200,209,104,169,cast
frame=2,4,1721,193,234,198,124,154,cast
frame=2,5,381,376,199,204,104,175,cast
frame=2,6,0,173,221,195,103,192,cast
frame=2,7,640,586,199,204,73,175,cast
frame=3,0,1531,391,239,202,72,148,cast
frame=3,1,189,580,223,202,76,157,cast
frame=3,2,1633,0,282,193,132,163,cast
frame=3,3,412,586,228,202,123,157,cast
frame=3,4,839,590,238,202,125,146,cast
frame=3,5,1083,390,228,201,123,175,cast
frame=3,6,580,387,282,199,133,192,cast
frame=3,7,1311,391,220,201,76,175,cast
frame=4,0,965,1440,230,238,75,213,cast
frame=4,1,387,788,247,208,55,173,cast
frame=4,2,0,0,303,173,125,145,cast
frame=4,3,834,792,233,208,146,173,cast
frame=4,4,1195,1441,226,238,115,213,cast
frame=4,5,925,1215,234,224,146,223,cast
frame=4,6,1373,798,302,208,125,196,cast
frame=4,7,1405,1216,246,225,54,223,cast
frame=5,0,1657,1443,236,242,75,215,cast
frame=5,1,796,1000,247,210,55,176,cast
frame=5,2,303,0,310,179,128,149,cast
frame=5,3,1043,1005,237,210,145,177,cast
frame=5,4,1421,1443,236,240,120,216,cast
frame=5,5,1651,1218,237,225,145,225,cast
frame=5,6,245,996,306,209,128,198,cast
frame=5,7,1159,1216,246,224,54,224,cast
frame=6,0,724,1439,241,237,74,205,cast
frame=6,1,191,1205,246,211,54,171,cast
frame=6,2,613,0,306,189,130,159,cast
frame=6,3,1280,1006,242,210,148,171,cast
frame=6,4,483,1423,241,235,125,205,cast
frame=6,5,437,1208,242,212,148,215,cast
frame=6,6,1485,593,310,205,130,196,cast
frame=6,7,679,1210,246,213,54,215,cast
frame=7,0,243,1420,240,233,73,200,cast
frame=7,1,551,999,245,209,53,168,cast
frame=7,2,919,0,303,189,130,163,cast
frame=7,3,1522,1006,244,210,149,168,cast
frame=7,4,0,1416,243,232,124,200,cast
frame=7,5,1675,798,244,208,149,212,cast
frame=7,6,1067,798,306,207,129,200,cast
frame=7,7,0,990,245,208,53,212,cast

[dash_attack]
frames=8
duration=400ms
type=play_once
active_frame=0
frame=0,0,0,1275,233,225,74,184,dash_attack
frame=0,1,235,797,247,198,93,167,dash_attack
frame=0,2,0,399,306,195,135,169,dash_attack
frame=0,3,234,995,250,198,117,168,dash_attack
frame=0,4,0,594,235,228,118,185,dash_attack
frame=0,5,615,0,254,200,117,181,dash_attack
frame=0,6,0,200,306,199,135,190,dash_attack
frame=0,7,234,1193,249,198,93,180,dash_attack
frame=1,0,778,390,228,198,67,176,dash_attack
frame=1,1,705,774,198,187,52,160,dash_attack
frame=1,2,248,1589,242,202,101,167,dash_attack
frame=1,3,1027,201,212,189,110,161,dash_attack
frame=1,4,235,594,234,203,123,178,dash_attack
frame=1,5,712,1157,210,178,109,180,dash_attack
frame=1,6,551,200,243,189,101,180,dash_attack
frame=1,7,903,786,198,175,52,177,dash_attack
frame=2,0,1231,397,223,184,62,170,dash_attack
frame=2,1,1315,581,188,183,48,155,dash_attack
frame=2,2,1239,199,205,198,81,161,dash_attack
frame=2,3,1307,930,193,181,104,155,dash_attack
frame=2,4,469,589,233,185,125,170,dash_attack
frame=2,5,1113,757,196,171,104,175,dash_attack
frame=2,6,707,1335,206,182,81,177,dash_attack
frame=2,7,1117,1294,190,171,49,175,dash_attack
frame=3,0,482,774,223,187,49,176,dash_attack
frame=3,1,905,1701,193,184,35,153,dash_attack
frame=3,2,716,961,203,196,72,153,dash_attack
frame=3,3,1307,1282,192,178,107,146,dash_attack
frame=3,4,484,1146,228,177,138,161,dash_attack
frame=3,5,1309,764,196,166,120,172,dash_attack
frame=3,6,902,1521,202,180,88,182,dash_attack
frame=3,7,1309,1460,187,176,43,186,dash_attack
frame=4,0,483,1323,224,184,69,167,dash_attack
frame=4,1,1117,928,190,184,58,158,dash_attack
frame=4,2,703,1701,202,201,87,168,dash_attack
frame=4,3,922,1151,195,184,104,163,dash_attack
frame=4,4,484,961,232,185,118,175,dash_attack
frame=4,5,1114,1465,195,172,93,176,dash_attack
frame=4,6,701,1517,201,184,72,177,dash_attack
frame=4,7,1309,1636,189,169,48,169,dash_attack
frame=5,0,1006,390,225,184,75,171,dash_attack
frame=5,1,1117,1112,189,182,57,163,dash_attack
frame=5,2,907,588,206,198,81,171,dash_attack
frame=5,3,913,1335,201,186,96,163,dash_attack
frame=5,4,794,201,233,189,112,175,dash_attack
frame=5,5,1104,1637,195,175,95,176,dash_attack
frame=5,6,702,589,205,185,80,174,dash_attack
frame=5,7,1307,1111,193,171,58,171,dash_attack
frame=6,0,549,389,229,200,74,178,dash_attack
frame=6,1,919,961,198,190,57,164,dash_attack
frame=6,2,306,384,243,199,102,172,dash_attack
frame=6,3,490,1507,211,195,104,168,dash_attack
frame=6,4,0,1500,233,205,116,181,dash_attack
frame=6,5,490,1702,213,180,104,181,dash_attack
frame=6,6,307,195,244,189,101,178,dash_attack
frame=6,7,1113,581,202,176,58,176,dash_attack
frame=7,0,0,1050,234,225,76,185,dash_attack
frame=7,1,233,1391,248,198,94,169,dash_attack
frame=7,2,307,0,308,195,135,171,dash_attack
frame=7,3,1122,0,250,199,115,170,dash_attack
frame=7,4,0,822,234,228,116,186,dash_attack
frame=7,5,869,0,253,201,116,181,dash_attack
frame=7,6,0,0,307,200,135,189,dash_attack
frame=7,7,0,1705,248,199,94,180,dash_attack

[hit]
frames=8
duration=533ms
type=play_once
active_frame=0
frame=0,0,766,928,220,244,65,201,hit
frame=0,1,299,709,260,207,113,184,hit
frame=0,2,0,580,299,200,131,180,hit
frame=0,3,1320,0,252,206,105,184,hit
frame=0,4,0,1671,223,244,111,201,hit
frame=0,5,0,1447,256,224,105,191,hit
frame=0,6,637,175,299,187,130,185,hit
frame=0,7,0,1221,258,226,113,191,hit
frame=1,0,1176,634,203,234,66,186,hit
frame=1,1,1235,206,284,194,132,170,hit
frame=1,2,995,0,325,181,143,167,hit
frame=1,3,559,721,253,207,107,176,hit
frame=1,4,986,919,214,243,98,193,hit
frame=1,5,0,780,279,217,117,185,hit
frame=1,6,0,0,326,184,151,182,hit
frame=1,7,0,997,263,224,111,180,hit
frame=2,0,1200,868,172,228,59,179,hit
frame=2,1,936,181,299,174,141,154,hit
frame=2,2,326,0,335,174,149,161,hit
frame=2,3,746,1172,233,214,106,174,hit
frame=2,4,1383,400,178,246,79,193,hit
frame=2,5,0,376,301,204,129,180,hit
frame=2,6,661,0,334,175,155,172,hit
frame=2,7,524,928,242,213,91,167,hit
frame=3,0,979,1172,209,221,71,164,hit
frame=3,1,301,531,272,178,126,145,hit
frame=3,2,0,184,317,192,142,150,hit
frame=3,3,499,1340,240,184,115,143,hit
frame=3,4,936,355,228,216,118,163,hit
frame=3,5,573,537,263,184,121,157,hit
frame=3,6,326,174,311,151,147,141,hit
frame=3,7,739,1386,233,211,91,161,hit
frame=4,0,1024,717,152,195,70,148,hit
frame=4,1,890,1744,202,177,74,135,hit
frame=4,2,258,1324,241,160,106,131,hit
frame=4,3,681,1744,209,164,106,128,hit
frame=4,4,1200,1096,172,176,70,128,hit
frame=4,5,972,1580,201,164,109,134,hit
frame=4,6,731,1597,233,147,116,134,hit
frame=4,7,1372,1238,199,186,79,151,hit
frame=5,0,1188,1272,170,150,71,124,hit
frame=5,1,1330,1602,158,162,61,134,hit
frame=5,2,1173,1560,157,179,60,144,hit
frame=5,3,1092,1744,155,167,77,140,hit
frame=5,4,1379,646,193,151,87,128,hit
frame=5,5,1162,1422,169,138,76,125,hit
frame=5,6,1247,1764,160,132,72,120,hit
frame=5,7,1407,1764,151,138,50,125,hit
frame=6,0,812,721,212,198,70,158,hit
frame=6,1,972,1393,190,187,74,156,hit
frame=6,2,496,1524,235,203,102,164,hit
frame=6,3,1372,868,200,188,96,160,hit
frame=6,4,453,1727,228,185,117,150,hit
frame=6,5,1331,1424,196,178,93,151,hit
frame=6,6,836,571,222,146,99,139,hit
frame=6,7,1372,1056,200,182,76,155,hit
frame=7,0,1164,400,219,234,67,190,hit
frame=7,1,505,1141,241,199,104,174,hit
frame=7,2,317,325,281,206,124,175,hit
frame=7,3,263,1129,242,195,106,171,hit
frame=7,4,223,1695,230,229,118,187,hit
frame=7,5,256,1484,240,211,103,178,hit
frame=7,6,598,362,281,175,122,171,hit
frame=7,7,279,916,245,213,106,180,hit

[die]
frames=8
duration=1066ms
type=play_once
active_frame=0
frame=0,0,263,556,220,223,74,175,die
frame=0,1,934,0,261,185,104,153,die
frame=0,2,0,188,319,168,145,148,die
frame=0,3,0,753,256,194,119,160,die
frame=0,4,675,556,217,232,107,182,die
frame=0,5,0,356,262,203,121,173,die
frame=0,6,0,0,323,188,145,177,die
frame=0,7,0,559,263,194,103,166,die
frame=1,0,892,484,197,201,68,160,die
frame=1,1,256,779,244,159,95,133,die
frame=1,2,634,0,300,139,134,116,die
frame=1,3,1442,0,235,184,107,150,die
frame=1,4,483,556,192,222,96,172,die
frame=1,5,1195,0,247,195,116,165,die
frame=1,6,323,0,311,168,142,151,die
frame=1,7,1677,0,239,178,98,154,die
frame=2,0,1629,787,164,171,64,146,die
frame=2,1,892,685,202,158,79,127,die
frame=2,2,1442,184,251,141,101,106,die
frame=2,3,1094,669,194,164,78,141,die
frame=2,4,1295,496,155,199,78,158,die
frame=2,5,1089,496,206,173,95,144,die
frame=2,6,634,139,260,150,124,126,die
frame=2,7,1095,833,203,156,92,137,die
frame=3,0,1647,451,171,171,67,139,die
frame=3,1,1450,620,183,154,71,123,die
frame=3,2,1665,326,252,125,112,90,die
frame=3,3,650,788,221,158,100,126,die
frame=3,4,1464,774,165,191,90,153,die
frame=3,5,1450,441,197,179,95,146,die
frame=3,6,0,947,259,152,116,124,die
frame=3,7,1693,178,227,148,97,130,die
frame=4,0,1298,811,166,175,68,129,die
frame=4,1,1793,787,162,163,60,114,die
frame=4,2,894,185,257,124,125,82,die
frame=4,3,262,414,251,142,131,91,die
frame=4,4,442,938,156,170,85,128,die
frame=4,5,259,938,183,170,101,131,die
frame=4,6,1151,195,257,144,114,110,die
frame=4,7,323,168,257,136,104,117,die
frame=5,0,1633,622,168,165,68,113,die
frame=5,1,500,778,150,160,53,99,die
frame=5,2,513,451,251,105,122,70,die
frame=5,3,319,304,257,110,139,65,die
frame=5,4,576,304,158,147,88,98,die
frame=5,5,1801,622,150,153,85,106,die
frame=5,6,598,946,249,123,117,87,die
frame=5,7,1408,325,257,116,108,96,die
frame=6,0,734,289,160,133,69,82,die
frame=6,1,1464,965,135,143,51,79,die
frame=6,2,871,843,224,95,104,52,die
frame=6,3,894,309,239,89,132,49,die
frame=6,4,1288,695,161,116,91,61,die
frame=6,5,1599,965,139,127,80,75,die
frame=6,6,871,938,220,91,114,55,die
frame=6,7,1133,339,238,85,105,63,die
frame=7,0,1300,986,155,122,69,73,die
frame=7,1,764,422,127,134,51,71,die
frame=7,2,1091,989,209,92,94,46,die
frame=7,3,894,398,226,86,124,47,die
frame=7,4,1793,950,156,110,86,53,die
frame=7,5,1818,451,133,115,75,62,die
frame=7,6,847,1029,204,79,110,43,die
frame=7,7,1120,424,226,72,102,49,die

[critdie]
frames=8
duration=1066ms
type=play_once
active_frame=0
frame=0,0,263,556,220,223,74,175,die
frame=0,1,934,0,261,185,104,153,die
frame=0,2,0,188,319,168,145,148,die
frame=0,3,0,753,256,194,119,160,die
frame=0,4,675,556,217,232,107,182,die
frame=0,5,0,356,262,203,121,173,die
frame=0,6,0,0,323,188,145,177,die
frame=0,7,0,559,263,194,103,166,die
frame=1,0,892,484,197,201,68,160,die
frame=1,1,256,779,244,159,95,133,die
frame=1,2,634,0,300,139,134,116,die
frame=1,3,1442,0,235,184,107,150,die
frame=1,4,483,556,192,222,96,172,die
frame=1,5,1195,0,247,195,116,165,die
frame=1,6,323,0,311,168,142,151,die
frame=1,7,1677,0,239,178,98,154,die
frame=2,0,1629,787,164,171,64,146,die
frame=2,1,892,685,202,158,79,127,die
frame=2,2,1442,184,251,141,101,106,die
frame=2,3,1094,669,194,164,78,141,die
frame=2,4,1295,496,155,199,78,158,die
frame=2,5,1089,496,206,173,95,144,die
frame=2,6,634,139,260,150,124,126,die
frame=2,7,1095,833,203,156,92,137,die
frame=3,0,1647,451,171,171,67,139,die
frame=3,1,1450,620,183,154,71,123,die
frame=3,2,1665,326,252,125,112,90,die
frame=3,3,650,788,221,158,100,126,die
frame=3,4,1464,774,165,191,90,153,die
frame=3,5,1450,441,197,179,95,146,die
frame=3,6,0,947,259,152,116,124,die
frame=3,7,1693,178,227,148,97,130,die
frame=4,0,1298,811,166,175,68,129,die
frame=4,1,1793,787,162,163,60,114,die
frame=4,2,894,185,257,124,125,82,die
frame=4,3,262,414,251,142,131,91,die
frame=4,4,442,938,156,170,85,128,die
frame=4,5,259,938,183,170,101,131,die
frame=4,6,1151,195,257,144,114,110,die
frame=4,7,323,168,257,136,104,117,die
frame=5,0,1633,622,168,165,68,113,die
frame=5,1,500,778,150,160,53,99,die
frame=5,2,513,451,251,105,122,70,die
frame=5,3,319,304,257,110,139,65,die
frame=5,4,576,304,158,147,88,98,die
frame=5,5,1801,622,150,153,85,106,die
frame=5,6,598,946,249,123,117,87,die
frame=5,7,1408,325,257,116,108,96,die
frame=6,0,734,289,160,133,69,82,die
frame=6,1,1464,965,135,143,51,79,die
frame=6,2,871,843,224,95,104,52,die
frame=6,3,894,309,239,89,132,49,die
frame=6,4,1288,695,161,116,91,61,die
frame=6,5,1599,965,139,127,80,75,die
frame=6,6,871,938,220,91,114,55,die
frame=6,7,1133,339,238,85,105,63,die
frame=7,0,1300,986,155,122,69,73,die
frame=7,1,764,422,127,134,51,71,die
frame=7,2,1091,989,209,92,94,46,die
frame=7,3,894,398,226,86,124,47,die
frame=7,4,1793,950,156,110,86,53,die
frame=7,5,1818,451,133,115,75,62,die
frame=7,6,847,1029,204,79,110,43,die
frame=7,7,1120,424,226,72,102,49,die
