image=images/powers/lightning.png
#flare_sprite_packer_input=97 86 1 1 90 96 100 93 100 97 86 103 96 98
#flare_sprite_packer_output=0 103 0 189 197 97 97 98 182 0 0 0 86 0


[power]
frames=6
duration=200ms
type=looped
active_frame=all
active_sub_frame=all
frame=0,0,0,103,97,86,49,162
frame=0,1,0,189,1,1,0,0
frame=0,2,0,189,1,1,0,0
frame=0,3,0,189,1,1,0,0
frame=0,4,0,189,1,1,0,0
frame=0,5,0,189,1,1,0,0
frame=0,6,0,189,1,1,0,0
frame=0,7,0,189,1,1,0,0
frame=1,0,197,97,90,96,42,167
frame=1,1,0,189,1,1,0,0
frame=1,2,0,189,1,1,0,0
frame=1,3,0,189,1,1,0,0
frame=1,4,0,189,1,1,0,0
frame=1,5,0,189,1,1,0,0
frame=1,6,0,189,1,1,0,0
frame=1,7,0,189,1,1,0,0
frame=2,0,97,98,100,93,52,166
frame=2,1,0,189,1,1,0,0
frame=2,2,0,189,1,1,0,0
frame=2,3,0,189,1,1,0,0
frame=2,4,0,189,1,1,0,0
frame=2,5,0,189,1,1,0,0
frame=2,6,0,189,1,1,0,0
frame=2,7,0,189,1,1,0,0
frame=3,0,182,0,100,97,53,168
frame=3,1,0,189,1,1,0,0
frame=3,2,0,189,1,1,0,0
frame=3,3,0,189,1,1,0,0
frame=3,4,0,189,1,1,0,0
frame=3,5,0,189,1,1,0,0
frame=3,6,0,189,1,1,0,0
frame=3,7,0,189,1,1,0,0
frame=4,0,0,0,86,103,45,172
frame=4,1,0,189,1,1,0,0
frame=4,2,0,189,1,1,0,0
frame=4,3,0,189,1,1,0,0
frame=4,4,0,189,1,1,0,0
frame=4,5,0,189,1,1,0,0
frame=4,6,0,189,1,1,0,0
frame=4,7,0,189,1,1,0,0
frame=5,0,86,0,96,98,52,166
frame=5,1,0,189,1,1,0,0
frame=5,2,0,189,1,1,0,0
frame=5,3,0,189,1,1,0,0
frame=5,4,0,189,1,1,0,0
frame=5,5,0,189,1,1,0,0
frame=5,6,0,189,1,1,0,0
frame=5,7,0,189,1,1,0,0
