image=images/powers/thunderstrike.png
#flare_sprite_packer_input=229 664 1 1 226 600 216 458 196 286 113 138 37 51
#flare_sprite_packer_output=0 0 0 715 229 0 455 0 455 458 229 600 0 664


[power]
frames=6
duration=200ms
type=play_once
active_frame=2
frame=0,0,0,0,229,664,115,569
frame=0,1,0,715,1,1,0,0
frame=0,2,0,715,1,1,0,0
frame=0,3,0,715,1,1,0,0
frame=0,4,0,715,1,1,0,0
frame=0,5,0,715,1,1,0,0
frame=0,6,0,715,1,1,0,0
frame=0,7,0,715,1,1,0,0
frame=1,0,229,0,226,600,113,514
frame=1,1,0,715,1,1,0,0
frame=1,2,0,715,1,1,0,0
frame=1,3,0,715,1,1,0,0
frame=1,4,0,715,1,1,0,0
frame=1,5,0,715,1,1,0,0
frame=1,6,0,715,1,1,0,0
frame=1,7,0,715,1,1,0,0
frame=2,0,455,0,216,458,109,383
frame=2,1,0,715,1,1,0,0
frame=2,2,0,715,1,1,0,0
frame=2,3,0,715,1,1,0,0
frame=2,4,0,715,1,1,0,0
frame=2,5,0,715,1,1,0,0
frame=2,6,0,715,1,1,0,0
frame=2,7,0,715,1,1,0,0
frame=3,0,455,458,196,286,99,224
frame=3,1,0,715,1,1,0,0
frame=3,2,0,715,1,1,0,0
frame=3,3,0,715,1,1,0,0
frame=3,4,0,715,1,1,0,0
frame=3,5,0,715,1,1,0,0
frame=3,6,0,715,1,1,0,0
frame=3,7,0,715,1,1,0,0
frame=4,0,229,600,113,138,54,104
frame=4,1,0,715,1,1,0,0
frame=4,2,0,715,1,1,0,0
frame=4,3,0,715,1,1,0,0
frame=4,4,0,715,1,1,0,0
frame=4,5,0,715,1,1,0,0
frame=4,6,0,715,1,1,0,0
frame=4,7,0,715,1,1,0,0
frame=5,0,0,664,37,51,18,47
frame=5,1,0,715,1,1,0,0
frame=5,2,0,715,1,1,0,0
frame=5,3,0,715,1,1,0,0
frame=5,4,0,715,1,1,0,0
frame=5,5,0,715,1,1,0,0
frame=5,6,0,715,1,1,0,0
frame=5,7,0,715,1,1,0,0
