image=images/avatar/female/buckler.png
#flare_sprite_packer_input=75 85 54 89 46 87 71 70 68 70 44 82 44 89 72 83 76 85 56 89 46 86 72 70 67 70 45 82 44 87 71 84 75 85 57 89 47 86 72 70 67 71 46 82 44 88 72 84 76 86 59 89 46 88 70 74 65 71 49 82 41 89 70 84 79 99 67 104 37 108 54 101 81 95 63 100 32 107 65 102 78 93 62 98 29 102 55 93 78 90 70 94 36 98 59 98 77 89 74 91 43 98 49 88 69 87 76 87 42 95 52 95 77 84 73 89 43 92 36 86 77 78 64 80 38 89 52 89 79 82 71 88 44 91 41 85 75 74 70 76 34 87 54 88 78 84 73 89 43 92 36 74 76 78 66 80 37 88 53 89 78 87 72 91 41 98 53 67 72 87 73 88 40 95 50 92 78 92 67 97 36 101 58 92 82 93 69 95 36 100 57 98 81 99 66 102 66 96 76 79 76 75 53 90 58 98 79 100 78 93 69 93 58 89 76 75 69 66 60 79 57 90 73 91 81 91 81 95 67 94 62 87 82 70 77 72 65 88 69 93 81 101 86 102 76 104 70 98 85 87 85 76 77 89 71 100 66 100 36 103 63 98 78 93 68 97 34 100 65 100 81 95 40 114 65 107 78 104 69 108 35 113 67 111 85 108 70 112 75 84 53 88 46 85 74 71 66 71 43 82 43 86 72 80 70 77 45 82 43 77 70 68 65 67 38 79 41 81 72 74 57 48 30 55 15 51 57 43 53 42 33 52 27 54 57 47 62 54 44 59 35 55 58 38 60 38 38 52 33 60 57 57 68 62 66 58 62 56 52 46 66 36 60 56 55 63 62 65 66 53 67 51 65 51 55 49 64 49 60 53 62 50 62 56 79 93 73 96 44 96 65 87 67 72 65 80 41 90 62 92 68 110 84 109 69 111 54 113 64 102 82 93 70 101 40 106 59 119 83 115 77 115 58 119 58 115 85 105 81 108 47 116 78 101 68 102 76 92 85 75 72 80 61 93 71 99 81 102 79 100 64 103 62 89 70 81 75 78 51 91 54 99 76 99 90 122 78 123 68 118 80 107 78 95 66 107 61 121 75 123 90 123 78 122 79 114 85 103 84 93 74 106 68 119 80 123 85 112 80 109 88 99 87 92 81 94 82 102 87 108 87 111
#flare_sprite_packer_output=237 430 493 419 390 521 392 961 1090 742 535 960 514 608 635 690 1106 406 380 608 527 785 463 1039 899 1097 672 1109 855 851 392 877 237 515 781 598 211 906 319 1103 761 1034 1001 736 514 697 713 858 451 785 392 788 838 688 588 1035 870 776 266 1162 536 871 785 851 432 212 232 223 493 311 724 202 1020 102 590 208 135 489 530 308 312 423 794 294 189 600 626 410 312 516 681 409 215 702 805 392 558 595 295 697 822 490 706 948 977 470 316 788 934 287 704 503 558 684 978 557 935 569 1042 900 1106 256 608 1109 861 1103 717 1108 187 1162 577 860 933 478 1001 900 463 1109 538 1109 1078 898 851 938 707 774 1105 653 951 661 658 1035 316 875 935 767 899 847 785 687 707 687 369 697 217 800 535 1042 635 773 463 871 937 382 755 942 550 503 426 411 390 420 1047 647 1101 0 635 595 514 508 375 209 510 109 149 702 756 502 111 1163 316 953 994 646 258 790 511 208 436 508 976 284 258 888 315 1028 988 1160 1046 366 1051 557 441 694 299 606 854 192 884 673 644 948 1101 186 1106 334 648 860 977 377 351 108 679 0 299 218 167 472 935 102 1016 197 704 598 653 208 698 102 662 105 872 575 436 601 865 478 838 588 729 303 935 189 168 123 80 937 432 108 208 115 379 307 165 245 425 0 79 604 1108 491 905 935 805 935 315 1173 898 1026 1047 739 958 927 463 959 828 1026 1001 818 1046 821 966 1092 923 1167 964 1013 70 1163 391 1031 769 1196 1093 1044 1158 742 1002 1049 716 1197 890 1192 1155 1082 559 1197 1112 939 389 1185 616 1189 258 977 1123 1044 211 992 1002 985 1036 1092 1090 812 253 1104 1046 501 1123 1198 1057 1205 1046 445 1035 986 1112 874 433 1191 1090 993 651 1191 1119 1149 826 1195 499 1191 1093 1099 1057 1149 547 410 864 382 251 694 579 948 694 1036 936 847 820 1105 573 768 81 827 510 0 80 716 183 356 595 308 1101 93 659 308 149 596 68 1044 170 0 0 491 127 1044 77 489 594 0 0 829 136 356 301 322 149 804 628 503 785 776 391 1105 1045 273 591 109 1020 0 414 311 237 327 253 1015 0 1163 1108 575 769 1105 751 403 778 195 0 123 0 245 185 1044 0 937 856 287 145 937 75 368 0 368 0 0 90 123 0 606 765 0 851 99 277 112 0 1044 90 0 253 0 0 720 850 0 764 103 218 600 938 0 338 0 78 245


[stance]
frames=4
duration=800ms
type=back_forth
frame=0,0,237,430,75,85,50,76
frame=0,1,493,419,54,89,53,90
frame=0,2,390,521,46,87,42,102
frame=0,3,392,961,71,70,30,99
frame=0,4,1090,742,68,70,-3,97
frame=0,5,535,960,44,82,-22,90
frame=0,6,514,608,44,89,-16,79
frame=0,7,635,690,72,83,22,70
frame=1,0,1106,406,76,85,49,76
frame=1,1,380,608,56,89,52,89
frame=1,2,527,785,46,86,42,101
frame=1,3,463,1039,72,70,31,99
frame=1,4,899,1097,67,70,-2,97
frame=1,5,672,1109,45,82,-21,90
frame=1,6,855,851,44,87,-16,79
frame=1,7,392,877,71,84,21,71
frame=2,0,237,515,75,85,47,76
frame=2,1,781,598,57,89,52,89
frame=2,2,211,906,47,86,43,101
frame=2,3,319,1103,72,70,32,99
frame=2,4,761,1034,67,71,0,98
frame=2,5,1001,736,46,82,-20,91
frame=2,6,514,697,44,88,-17,81
frame=2,7,713,858,72,84,19,72
frame=3,0,451,785,76,86,48,77
frame=3,1,392,788,59,89,54,89
frame=3,2,838,688,46,88,43,102
frame=3,3,588,1035,70,74,32,103
frame=3,4,870,776,65,71,-1,100
frame=3,5,266,1162,49,82,-20,92
frame=3,6,536,871,41,89,-19,82
frame=3,7,785,851,70,84,17,72

[run]
frames=8
duration=533ms
type=looped
frame=0,0,432,212,79,99,74,99
frame=0,1,232,223,67,104,73,122
frame=0,2,493,311,37,108,33,140
frame=0,3,724,202,54,101,-7,141
frame=0,4,1020,102,81,95,-24,126
frame=0,5,590,208,63,100,-37,106
frame=0,6,135,489,32,107,-24,91
frame=0,7,530,308,65,102,33,87
frame=1,0,312,423,78,93,62,89
frame=1,1,794,294,62,98,72,108
frame=1,2,189,600,29,102,41,127
frame=1,3,626,410,55,93,15,128
frame=1,4,312,516,78,90,-12,122
frame=1,5,681,409,70,94,-28,105
frame=1,6,215,702,36,98,-28,89
frame=1,7,805,392,59,98,18,82
frame=2,0,558,595,77,89,43,83
frame=2,1,295,697,74,91,61,95
frame=2,2,822,490,43,98,44,112
frame=2,3,706,948,49,88,26,113
frame=2,4,977,470,69,87,-2,116
frame=2,5,316,788,76,87,-12,105
frame=2,6,934,287,42,95,-24,92
frame=2,7,704,503,52,95,3,83
frame=3,0,558,684,77,84,26,78
frame=3,1,978,557,73,89,47,84
frame=3,2,935,569,43,92,43,96
frame=3,3,1042,900,36,86,39,103
frame=3,4,1106,256,77,78,28,106
frame=3,5,608,1109,64,80,-4,103
frame=3,6,861,1103,38,89,-22,94
frame=3,7,717,1108,52,89,-9,83
frame=4,0,187,1162,79,82,17,75
frame=4,1,577,860,71,88,39,78
frame=4,2,933,478,44,91,42,88
frame=4,3,1001,900,41,85,47,97
frame=4,4,463,1109,75,74,38,102
frame=4,5,538,1109,70,76,10,101
frame=4,6,1078,898,34,87,-22,97
frame=4,7,851,938,54,88,-13,85
frame=5,0,707,774,78,84,27,78
frame=5,1,1105,653,73,89,48,84
frame=5,2,951,661,43,92,43,96
frame=5,3,658,1035,36,74,39,104
frame=5,4,316,875,76,78,27,106
frame=5,5,935,767,66,80,-3,102
frame=5,6,899,847,37,88,-23,93
frame=5,7,785,687,53,89,-8,82
frame=6,0,707,687,78,87,47,83
frame=6,1,369,697,72,91,61,96
frame=6,2,217,800,41,98,41,112
frame=6,3,535,1042,53,67,24,110
frame=6,4,635,773,72,87,-1,115
frame=6,5,463,871,73,88,-13,103
frame=6,6,937,382,40,95,-23,90
frame=6,7,755,942,50,92,6,81
frame=7,0,550,503,78,92,65,90
frame=7,1,426,411,67,97,72,110
frame=7,2,390,420,36,101,37,128
frame=7,3,1047,647,58,92,12,127
frame=7,4,1101,0,82,93,-13,122
frame=7,5,635,595,69,95,-29,104
frame=7,6,514,508,36,100,-27,88
frame=7,7,375,209,57,98,22,82

[swing]
frames=4
duration=400ms
type=play_once
frame=0,0,510,109,81,99,73,95
frame=0,1,149,702,66,102,68,116
frame=0,2,756,502,66,96,42,127
frame=0,3,111,1163,76,79,9,122
frame=0,4,316,953,76,75,-22,107
frame=0,5,994,646,53,90,-33,92
frame=0,6,258,790,58,98,-6,81
frame=0,7,511,208,79,100,42,82
frame=1,0,436,508,78,93,64,74
frame=1,1,976,284,69,93,82,93
frame=1,2,258,888,58,89,67,112
frame=1,3,315,1028,76,75,33,116
frame=1,4,988,1160,69,66,-17,105
frame=1,5,1046,366,60,79,-38,92
frame=1,6,1051,557,57,90,-28,75
frame=1,7,441,694,73,91,18,66
frame=2,0,299,606,81,91,30,71
frame=2,1,854,192,81,95,68,82
frame=2,2,884,673,67,94,77,100
frame=2,3,644,948,62,87,61,114
frame=2,4,1101,186,82,70,25,111
frame=2,5,1106,334,77,72,-14,102
frame=2,6,648,860,65,88,-33,93
frame=2,7,977,377,69,93,-14,78
frame=3,0,351,108,81,101,5,87
frame=3,1,679,0,86,102,45,87
frame=3,2,299,218,76,104,70,100
frame=3,3,167,472,70,98,70,115
frame=3,4,935,102,85,87,48,122
frame=3,5,1016,197,85,76,11,115
frame=3,6,704,598,77,89,-20,111
frame=3,7,653,208,71,100,-24,99

[block]
frames=2
duration=66ms
type=play_once
frame=0,0,698,102,66,100,74,109
frame=0,1,662,105,36,103,44,129
frame=0,2,872,575,63,98,22,136
frame=0,3,436,601,78,93,-13,128
frame=0,4,865,478,68,97,-34,110
frame=0,5,838,588,34,100,-36,92
frame=0,6,729,303,65,100,16,83
frame=0,7,935,189,81,95,62,88
frame=1,0,168,123,40,114,46,135
frame=1,1,80,937,65,107,34,145
frame=1,2,432,108,78,104,2,143
frame=1,3,208,115,69,108,-23,132
frame=1,4,379,307,35,113,-36,117
frame=1,5,165,245,67,111,2,105
frame=1,6,425,0,85,108,42,104
frame=1,7,79,604,70,112,60,118

[hit]
frames=2
duration=133ms
type=play_once
frame=0,0,1108,491,75,84,54,76
frame=0,1,905,935,53,88,53,91
frame=0,2,805,935,46,85,40,102
frame=0,3,315,1173,74,71,26,101
frame=0,4,898,1026,66,71,-7,95
frame=0,5,1047,739,43,82,-24,87
frame=0,6,958,927,43,86,-14,76
frame=0,7,463,959,72,80,26,68
frame=1,0,828,1026,70,77,63,70
frame=1,1,1001,818,45,82,55,88
frame=1,2,1046,821,43,77,36,97
frame=1,3,966,1092,70,68,16,97
frame=1,4,923,1167,65,67,-17,86
frame=1,5,964,1013,38,79,-30,75
frame=1,6,70,1163,41,81,-9,63
frame=1,7,391,1031,72,74,37,58

[die]
frames=6
duration=800ms
type=play_once
frame=0,0,1108,491,75,84,54,76
frame=0,1,905,935,53,88,53,91
frame=0,2,805,935,46,85,40,102
frame=0,3,315,1173,74,71,26,101
frame=0,4,898,1026,66,71,-7,95
frame=0,5,1047,739,43,82,-24,87
frame=0,6,958,927,43,86,-14,76
frame=0,7,463,959,72,80,26,68
frame=1,0,828,1026,70,77,63,70
frame=1,1,1001,818,45,82,55,88
frame=1,2,1046,821,43,77,36,97
frame=1,3,966,1092,70,68,16,97
frame=1,4,923,1167,65,67,-17,86
frame=1,5,964,1013,38,79,-30,75
frame=1,6,70,1163,41,81,-9,63
frame=1,7,391,1031,72,74,37,58
frame=2,0,769,1196,57,48,90,34
frame=2,1,1093,1044,30,55,72,62
frame=2,2,1158,742,15,51,30,74
frame=2,3,1002,1049,57,43,-6,70
frame=2,4,716,1197,53,42,-42,49
frame=2,5,890,1192,33,52,-44,28
frame=2,6,1155,1082,27,54,-8,13
frame=2,7,559,1197,57,47,57,13
frame=3,0,1112,939,62,54,74,42
frame=3,1,389,1185,44,59,63,62
frame=3,2,616,1189,35,55,30,72
frame=3,3,258,977,58,38,3,61
frame=3,4,1123,1044,60,38,-19,49
frame=3,5,211,992,38,52,-28,36
frame=3,6,1002,985,33,60,-1,28
frame=3,7,1036,1092,57,57,47,29
frame=4,0,1090,812,68,62,52,57
frame=4,1,253,1104,66,58,47,63
frame=4,2,1046,501,62,56,29,65
frame=4,3,1123,1198,52,46,12,56
frame=4,4,1057,1205,66,36,3,47
frame=4,5,1046,445,60,56,4,46
frame=4,6,1035,986,55,63,18,46
frame=4,7,1112,874,62,65,40,50
frame=5,0,433,1191,66,53,43,59
frame=5,1,1090,993,67,51,29,59
frame=5,2,651,1191,65,51,12,55
frame=5,3,1119,1149,55,49,3,46
frame=5,4,826,1195,64,49,11,39
frame=5,5,499,1191,60,53,27,38
frame=5,6,1093,1099,62,50,41,44
frame=5,7,1057,1149,62,56,48,52

[cast]
frames=4
duration=400ms
type=play_once
frame=0,0,547,410,79,93,59,80
frame=0,1,864,382,73,96,74,97
frame=0,2,251,694,44,96,53,116
frame=0,3,579,948,65,87,27,121
frame=0,4,694,1036,67,72,-13,111
frame=0,5,936,847,65,80,-29,95
frame=0,6,820,1105,41,90,-28,80
frame=0,7,573,768,62,92,14,73
frame=1,0,81,827,68,110,49,92
frame=1,1,510,0,84,109,88,112
frame=1,2,80,716,69,111,79,137
frame=1,3,183,356,54,113,31,153
frame=1,4,595,308,64,102,-14,147
frame=1,5,1101,93,82,93,-36,125
frame=1,6,659,308,70,101,-38,102
frame=1,7,149,596,40,106,-10,89
frame=2,0,68,1044,59,119,38,99
frame=2,1,170,0,83,115,87,117
frame=2,2,0,491,77,115,87,143
frame=2,3,127,1044,58,119,40,163
frame=2,4,77,489,58,115,-9,162
frame=2,5,594,0,85,105,-38,141
frame=2,6,0,829,81,108,-43,115
frame=2,7,136,356,47,116,-18,99
frame=3,0,301,322,78,101,62,97
frame=3,1,149,804,68,102,64,112
frame=3,2,628,503,76,92,49,120
frame=3,3,785,776,85,75,19,115
frame=3,4,391,1105,72,80,-13,108
frame=3,5,1045,273,61,93,-25,97
frame=3,6,591,109,71,99,-2,88
frame=3,7,1020,0,81,102,35,87

[shoot]
frames=4
duration=400ms
type=play_once
frame=0,0,414,311,79,100,87,101
frame=0,1,237,327,64,103,70,125
frame=0,2,253,1015,62,89,30,128
frame=0,3,0,1163,70,81,-15,125
frame=0,4,1108,575,75,78,-37,104
frame=0,5,769,1105,51,91,-37,85
frame=0,6,751,403,54,99,2,75
frame=0,7,778,195,76,99,58,80
frame=1,0,0,123,90,122,97,134
frame=1,1,0,245,78,123,77,160
frame=1,2,185,1044,68,118,21,171
frame=1,3,0,937,80,107,-25,157
frame=1,4,856,287,78,95,-47,130
frame=1,5,145,937,66,107,-35,107
frame=1,6,75,368,61,121,8,99
frame=1,7,0,368,75,123,67,109
frame=2,0,0,0,90,123,96,134
frame=2,1,90,123,78,122,77,159
frame=2,2,0,606,79,114,24,167
frame=2,3,765,0,85,103,-24,152
frame=2,4,851,99,84,93,-46,123
frame=2,5,277,112,74,106,-32,103
frame=2,6,0,1044,68,119,13,97
frame=2,7,90,0,80,123,69,109
frame=3,0,253,0,85,112,92,119
frame=3,1,0,720,80,109,78,141
frame=3,2,850,0,88,99,33,148
frame=3,3,764,103,87,92,-18,134
frame=3,4,218,600,81,94,-43,112
frame=3,5,938,0,82,102,-27,93
frame=3,6,338,0,87,108,20,86
frame=3,7,78,245,87,111,70,96
