image=images/avatar/female/mage_boots_alt1.png
#flare_sprite_packer_input=65 55 60 55 43 65 43 62 65 56 61 50 45 61 41 61 65 55 60 55 43 64 45 61 65 57 61 50 45 61 41 60 64 55 59 55 43 64 44 59 63 57 61 50 46 61 40 61 65 55 60 56 43 65 44 62 65 57 63 51 45 61 41 61 125 51 83 77 44 82 98 64 118 56 76 82 44 78 106 72 104 49 75 66 40 72 81 60 91 58 63 82 41 69 87 76 60 51 50 60 45 65 62 64 64 58 55 60 44 48 59 50 77 58 71 59 44 75 55 69 85 56 80 50 44 56 47 63 126 57 104 63 44 82 76 77 118 50 98 72 43 77 84 81 103 59 87 58 44 71 61 66 91 47 82 73 42 69 71 80 60 59 59 64 47 65 56 61 64 50 61 50 45 48 48 60 81 55 51 69 45 75 81 60 88 58 58 64 45 58 74 52 80 53 71 59 42 71 55 68 79 56 74 52 44 64 51 64 94 50 79 66 40 81 71 76 103 54 88 51 43 60 65 60 102 49 85 65 39 82 75 76 108 51 93 50 39 56 69 61 95 55 85 66 42 84 69 77 102 54 90 55 41 64 61 68 69 54 63 57 44 68 50 67 73 58 69 48 47 59 42 60 72 51 66 59 41 72 54 69 80 56 73 45 45 55 47 56 71 58 65 59 48 69 53 64 73 54 65 49 42 62 45 62 74 60 67 58 54 71 56 66 82 53 73 41 45 53 50 57 61 39 70 43 54 40 71 45 60 34 65 35 51 36 63 46 61 37 64 40 53 43 65 44 64 32 61 25 35 36 60 40 70 38 61 47 58 50 60 45 46 33 59 33 55 37 61 34 75 39 61 43 60 48 59 42 74 37 56 36 61 43 62 36 65 55 61 54 43 64 43 62 64 57 63 50 47 60 40 59 63 58 60 56 44 65 42 65 63 61 63 52 49 60 37 62 61 58 60 55 45 66 42 63 64 60 61 54 48 60 35 63 63 55 61 54 43 64 40 61 63 58 60 51 48 59 36 61 78 53 70 59 42 72 57 69 82 55 75 50 45 61 49 62 79 52 70 62 42 76 60 72 87 57 80 50 46 62 50 62 79 52 70 63 42 76 60 72 87 58 79 51 46 63 50 63 78 54 69 62 43 75 58 70 83 57 74 52 46 64 49 65
#flare_sprite_packer_output=76 545 259 213 298 723 413 787 221 830 232 780 629 738 328 190 435 336 305 492 633 528 678 799 435 391 293 788 723 799 621 602 430 539 354 787 715 598 585 662 235 723 348 894 826 867 845 593 299 547 508 502 445 721 674 737 503 445 566 277 899 652 904 774 126 0 0 282 321 251 802 0 251 0 0 435 714 443 0 57 126 51 71 600 676 526 71 666 192 155 76 463 588 721 0 359 629 277 233 663 488 721 533 51 257 268 283 663 853 156 409 894 75 726 228 537 716 521 533 721 84 269 369 103 853 204 456 786 0 0 595 0 321 333 0 517 369 0 0 129 322 415 0 201 699 0 156 326 756 662 570 328 156 384 0 826 768 798 0 594 525 662 341 723 900 0 622 799 567 394 468 894 675 951 402 944 595 63 810 798 760 519 152 663 169 268 564 790 283 155 247 380 449 106 495 269 800 662 470 653 142 830 602 174 853 260 715 860 98 154 146 597 689 277 0 674 699 59 156 431 545 944 220 886 230 56 84 204 675 444 0 750 487 0 208 105 676 168 87 402 802 64 0 899 633 444 87 325 106 100 169 213 804 594 85 897 434 448 344 619 760 594 897 65 146 946 365 487 895 440 588 944 589 226 529 115 328 118 823 928 595 118 516 224 676 113 893 499 219 946 568 444 805 156 662 598 443 210 365 535 805 506 800 327 146 886 500 387 720 924 225 597 369 50 75 784 630 951 897 257 75 965 365 382 689 358 694 398 532 860 364 584 853 324 631 398 654 860 429 594 800 284 564 558 399 689 805 568 721 223 472 854 494 558 338 676 529 894 412 849 715 190 845 402 842 119 721 113 0 965 885 609 587 896 845 360 434 502 782 119 721 147 592 860 568 503 647 897 861 791 904 378 493 596 286 838 498 944 743 320 285 888 766 867 718 734 762 733 281 602 349 842 353 944 332 56 503 790 835 435 400 721 872 855 557 602 765 389 450 944 800 443 407 634 885 555 904 314 729 259 290 946 661 226 805 225 769 190 244 432 500 328 714 662 842 658 451 51 527 174 899 713 774 923 226 485 365 320 758 443 82 825 141 540 152 780 847 490 897 195 369 153 365 257 629 662 435 264 139 482 448 159 877 918 897 132 243 326 365 425 671 662 631 328 152 723 369 205 853 727 804 733


[stance]
frames=4
duration=800ms
type=back_forth
frame=0,0,76,545,65,55,30,47
frame=0,1,259,213,60,55,29,45
frame=0,2,298,723,43,65,16,49
frame=0,3,413,787,43,62,23,47
frame=0,4,221,830,65,56,35,46
frame=0,5,232,780,61,50,31,41
frame=0,6,629,738,45,61,20,46
frame=0,7,328,190,41,61,17,46
frame=1,0,435,336,65,55,30,47
frame=1,1,305,492,60,55,29,45
frame=1,2,633,528,43,64,16,48
frame=1,3,678,799,45,61,24,46
frame=1,4,435,391,65,57,35,47
frame=1,5,293,788,61,50,31,42
frame=1,6,723,799,45,61,20,46
frame=1,7,621,602,41,60,17,46
frame=2,0,430,539,64,55,29,47
frame=2,1,354,787,59,55,28,44
frame=2,2,715,598,43,64,16,48
frame=2,3,585,662,44,59,23,44
frame=2,4,235,723,63,57,34,47
frame=2,5,348,894,61,50,31,42
frame=2,6,826,867,46,61,21,46
frame=2,7,845,593,40,61,17,47
frame=3,0,299,547,65,55,30,47
frame=3,1,508,502,60,56,29,45
frame=3,2,445,721,43,65,16,49
frame=3,3,674,737,44,62,24,47
frame=3,4,503,445,65,57,35,47
frame=3,5,566,277,63,51,31,42
frame=3,6,899,652,45,61,20,46
frame=3,7,904,774,41,61,17,47

[run]
frames=8
duration=533ms
type=looped
frame=0,0,126,0,125,51,53,49
frame=0,1,0,282,83,77,33,57
frame=0,2,321,251,44,82,17,57
frame=0,3,802,0,98,64,53,50
frame=0,4,251,0,118,56,64,50
frame=0,5,0,435,76,82,42,61
frame=0,6,714,443,44,78,17,53
frame=0,7,0,57,106,72,44,56
frame=1,0,126,51,104,49,32,47
frame=1,1,71,600,75,66,23,50
frame=1,2,676,526,40,72,16,51
frame=1,3,71,666,81,60,49,48
frame=1,4,192,155,91,58,59,54
frame=1,5,76,463,63,82,40,69
frame=1,6,588,721,41,69,14,53
frame=1,7,0,359,87,76,25,65
frame=2,0,629,277,60,51,6,51
frame=2,1,233,663,50,60,12,49
frame=2,2,488,721,45,65,15,50
frame=2,3,533,51,62,64,38,53
frame=2,4,257,268,64,58,44,52
frame=2,5,283,663,55,60,29,57
frame=2,6,853,156,44,48,17,49
frame=2,7,409,894,59,50,11,53
frame=3,0,75,726,77,58,23,50
frame=3,1,228,537,71,59,24,48
frame=3,2,716,521,44,75,17,54
frame=3,3,533,721,55,69,31,51
frame=3,4,84,269,85,56,51,50
frame=3,5,369,103,80,50,44,49
frame=3,6,853,204,44,56,18,51
frame=3,7,456,786,47,63,12,55
frame=4,0,0,0,126,57,53,51
frame=4,1,595,0,104,63,44,50
frame=4,2,321,333,44,82,17,57
frame=4,3,0,517,76,77,42,57
frame=4,4,369,0,118,50,64,49
frame=4,5,0,129,98,72,53,56
frame=4,6,322,415,43,77,16,52
frame=4,7,0,201,84,81,33,60
frame=5,0,699,0,103,59,33,53
frame=5,1,156,326,87,58,29,47
frame=5,2,756,662,44,71,16,50
frame=5,3,570,328,61,66,39,49
frame=5,4,156,384,91,47,58,47
frame=5,5,0,826,82,73,49,62
frame=5,6,768,798,42,69,16,52
frame=5,7,0,594,71,80,21,66
frame=6,0,525,662,60,59,6,52
frame=6,1,341,723,59,64,11,53
frame=6,2,900,0,47,65,18,50
frame=6,3,622,799,56,61,30,49
frame=6,4,567,394,64,50,44,51
frame=6,5,468,894,61,50,38,53
frame=6,6,675,951,45,48,15,49
frame=6,7,402,944,48,60,10,57
frame=7,0,595,63,81,55,23,50
frame=7,1,810,798,51,69,13,51
frame=7,2,760,519,45,75,18,54
frame=7,3,152,663,81,60,45,49
frame=7,4,169,268,88,58,54,51
frame=7,5,564,790,58,64,34,56
frame=7,6,283,155,45,58,16,52
frame=7,7,247,380,74,52,24,50

[swing]
frames=4
duration=400ms
type=play_once
frame=0,0,449,106,80,53,38,46
frame=0,1,495,269,71,59,35,48
frame=0,2,800,662,42,71,15,53
frame=0,3,470,653,55,68,28,51
frame=0,4,142,830,79,56,41,47
frame=0,5,602,174,74,52,36,41
frame=0,6,853,260,44,64,20,45
frame=0,7,715,860,51,64,22,47
frame=1,0,98,154,94,50,41,42
frame=1,1,146,597,79,66,35,52
frame=1,2,689,277,40,81,15,59
frame=1,3,0,674,71,76,34,55
frame=1,4,699,59,103,54,51,45
frame=1,5,156,431,88,51,43,41
frame=1,6,545,944,43,60,20,41
frame=1,7,220,886,65,60,28,43
frame=2,0,230,56,102,49,47,42
frame=2,1,84,204,85,65,40,53
frame=2,2,675,444,39,82,15,61
frame=2,3,0,750,75,76,33,57
frame=2,4,487,0,108,51,51,44
frame=2,5,208,105,93,50,43,40
frame=2,6,676,168,39,56,17,38
frame=2,7,87,402,69,61,32,44
frame=3,0,802,64,95,55,39,47
frame=3,1,0,899,85,66,35,53
frame=3,2,633,444,42,84,16,61
frame=3,3,87,325,69,77,32,57
frame=3,4,106,100,102,54,51,48
frame=3,5,169,213,90,55,45,45
frame=3,6,804,594,41,64,15,45
frame=3,7,85,897,61,68,25,51

[block]
frames=2
duration=66ms
type=play_once
frame=0,0,434,448,69,54,33,46
frame=0,1,344,619,63,57,31,48
frame=0,2,760,594,44,68,17,53
frame=0,3,897,65,50,67,23,52
frame=0,4,146,946,73,58,35,48
frame=0,5,365,487,69,48,32,39
frame=0,6,895,440,47,59,21,43
frame=0,7,588,944,42,60,18,44
frame=1,0,589,226,72,51,31,43
frame=1,1,529,115,66,59,30,49
frame=1,2,328,118,41,72,16,55
frame=1,3,823,928,54,69,26,52
frame=1,4,595,118,80,56,39,47
frame=1,5,516,224,73,45,35,37
frame=1,6,676,113,45,55,20,40
frame=1,7,893,499,47,56,19,42

[hit]
frames=2
duration=133ms
type=play_once
frame=0,0,219,946,71,58,33,49
frame=0,1,568,444,65,59,34,49
frame=0,2,805,156,48,69,19,53
frame=0,3,662,598,53,64,25,50
frame=0,4,443,210,73,54,36,46
frame=0,5,365,535,65,49,30,41
frame=0,6,805,506,42,62,19,46
frame=0,7,800,327,45,62,18,46
frame=1,0,146,886,74,60,41,49
frame=1,1,500,387,67,58,37,53
frame=1,2,720,924,54,71,22,60
frame=1,3,225,597,56,66,18,54
frame=1,4,369,50,82,53,30,45
frame=1,5,75,784,73,41,28,34
frame=1,6,630,951,45,53,23,36
frame=1,7,897,257,50,57,28,39

[die]
frames=6
duration=800ms
type=play_once
frame=0,0,219,946,71,58,33,49
frame=0,1,568,444,65,59,34,49
frame=0,2,805,156,48,69,19,53
frame=0,3,662,598,53,64,25,50
frame=0,4,443,210,73,54,36,46
frame=0,5,365,535,65,49,30,41
frame=0,6,805,506,42,62,19,46
frame=0,7,800,327,45,62,18,46
frame=1,0,146,886,74,60,41,49
frame=1,1,500,387,67,58,37,53
frame=1,2,720,924,54,71,22,60
frame=1,3,225,597,56,66,18,54
frame=1,4,369,50,82,53,30,45
frame=1,5,75,784,73,41,28,34
frame=1,6,630,951,45,53,23,36
frame=1,7,897,257,50,57,28,39
frame=2,0,75,965,61,39,41,25
frame=2,1,365,382,70,43,45,27
frame=2,2,689,358,54,40,31,30
frame=2,3,694,398,71,45,33,33
frame=2,4,532,860,60,34,20,25
frame=2,5,364,584,65,35,25,17
frame=2,6,853,324,51,36,20,17
frame=2,7,631,398,63,46,29,25
frame=3,0,654,860,61,37,43,23
frame=3,1,429,594,64,40,43,25
frame=3,2,800,284,53,43,29,34
frame=3,3,564,558,65,44,30,34
frame=3,4,399,689,64,32,18,23
frame=3,5,805,568,61,25,20,9
frame=3,6,721,223,35,36,6,16
frame=3,7,472,854,60,40,29,21
frame=4,0,494,558,70,38,48,11
frame=4,1,338,676,61,47,50,28
frame=4,2,529,894,58,50,53,40
frame=4,3,412,849,60,45,38,41
frame=4,4,715,190,46,33,22,32
frame=4,5,845,402,59,33,6,25
frame=4,6,842,119,55,37,1,16
frame=4,7,721,113,61,34,23,12
frame=5,0,0,965,75,39,52,13
frame=5,1,885,609,61,43,49,29
frame=5,2,587,896,60,48,54,39
frame=5,3,845,360,59,42,30,37
frame=5,4,434,502,74,37,22,35
frame=5,5,782,119,56,36,6,23
frame=5,6,721,147,61,43,6,19
frame=5,7,592,860,62,36,31,12

[cast]
frames=4
duration=400ms
type=play_once
frame=0,0,568,503,65,55,31,47
frame=0,1,647,897,61,54,29,45
frame=0,2,861,791,43,64,15,49
frame=0,3,904,378,43,62,21,46
frame=0,4,493,596,64,57,33,46
frame=0,5,286,838,63,50,32,41
frame=0,6,498,944,47,60,22,45
frame=0,7,743,320,40,59,18,45
frame=1,0,285,888,63,58,30,51
frame=1,1,766,867,60,56,28,49
frame=1,2,718,734,44,65,15,52
frame=1,3,762,733,42,65,18,50
frame=1,4,281,602,63,61,32,50
frame=1,5,349,842,63,52,31,44
frame=1,6,353,944,49,60,24,46
frame=1,7,332,56,37,62,17,49
frame=2,0,503,790,61,58,29,50
frame=2,1,835,435,60,55,29,49
frame=2,2,400,721,45,66,17,53
frame=2,3,872,855,42,63,18,49
frame=2,4,557,602,64,60,31,50
frame=2,5,765,389,61,54,29,46
frame=2,6,450,944,48,60,21,46
frame=2,7,800,443,35,63,15,49
frame=3,0,407,634,63,55,32,47
frame=3,1,885,555,61,54,31,46
frame=3,2,904,314,43,64,17,49
frame=3,3,729,259,40,61,18,47
frame=3,4,290,946,63,58,31,47
frame=3,5,661,226,60,51,29,42
frame=3,6,805,225,48,59,21,43
frame=3,7,769,190,36,61,18,46

[shoot]
frames=4
duration=400ms
type=play_once
frame=0,0,244,432,78,53,37,45
frame=0,1,500,328,70,59,34,49
frame=0,2,714,662,42,72,16,55
frame=0,3,842,658,57,69,27,52
frame=0,4,451,51,82,55,39,46
frame=0,5,527,174,75,50,35,39
frame=0,6,899,713,45,61,20,43
frame=0,7,774,923,49,62,21,45
frame=1,0,226,485,79,52,38,44
frame=1,1,365,320,70,62,34,51
frame=1,2,758,443,42,76,16,58
frame=1,3,82,825,60,72,27,55
frame=1,4,141,540,87,57,40,47
frame=1,5,152,780,80,50,36,39
frame=1,6,847,490,46,62,21,43
frame=1,7,897,195,50,62,23,45
frame=2,0,369,153,79,52,38,44
frame=2,1,365,257,70,63,34,51
frame=2,2,629,662,42,76,16,58
frame=2,3,435,264,60,72,27,55
frame=2,4,139,482,87,58,40,48
frame=2,5,448,159,79,51,35,40
frame=2,6,877,918,46,63,21,44
frame=2,7,897,132,50,63,22,46
frame=3,0,243,326,78,54,37,46
frame=3,1,365,425,69,62,34,51
frame=3,2,671,662,43,75,16,57
frame=3,3,631,328,58,70,27,54
frame=3,4,152,723,83,57,39,48
frame=3,5,369,205,74,52,34,41
frame=3,6,853,727,46,64,20,45
frame=3,7,804,733,49,65,22,48
