image=images/enemies/minotaur/minotaur_stance.png,stance
image=images/enemies/minotaur/minotaur_run.png,run
image=images/enemies/minotaur/minotaur_swing.png,swing
image=images/enemies/minotaur/minotaur_block.png,block
image=images/enemies/minotaur/minotaur_cast.png,cast
image=images/enemies/minotaur/minotaur_cast_alt.png,cast_alt
image=images/enemies/minotaur/minotaur_shoot.png,shoot
image=images/enemies/minotaur/minotaur_die.png,die

[stance]
frames=8
duration=1600ms
type=looped
frame=0,0,0,1092,157,248,76,227,stance
frame=0,1,647,1126,167,249,73,226,stance
frame=0,2,458,422,228,224,77,207,stance
frame=0,3,0,854,210,238,50,226,stance
frame=0,4,1469,1430,158,261,44,227,stance
frame=0,5,0,1358,172,255,52,210,stance
frame=0,6,1177,0,241,205,114,186,stance
frame=0,7,1562,465,227,228,133,211,stance
frame=1,0,157,1110,157,248,76,227,stance
frame=1,1,314,1123,167,248,73,225,stance
frame=1,2,0,403,228,223,77,206,stance
frame=1,3,1259,660,210,237,50,225,stance
frame=1,4,1627,1430,158,261,44,227,stance
frame=1,5,172,1371,169,255,53,211,stance
frame=1,6,0,197,236,206,114,187,stance
frame=1,7,0,626,227,228,134,211,stance
frame=2,0,1143,897,158,246,77,225,stance
frame=2,1,1301,897,166,246,72,223,stance
frame=2,2,679,201,226,221,77,204,stance
frame=2,3,850,649,209,235,51,223,stance
frame=2,4,677,1381,158,259,44,225,stance
frame=2,5,341,1374,175,255,52,210,stance
frame=2,6,1418,0,239,205,113,186,stance
frame=2,7,227,640,225,228,134,210,stance
frame=3,0,357,879,153,244,74,223,stance
frame=3,1,818,884,164,245,72,222,stance
frame=3,2,236,197,226,220,77,203,stance
frame=3,3,1357,427,205,233,51,221,stance
frame=3,4,835,1393,159,259,45,222,stance
frame=3,5,1337,1177,170,253,52,206,stance
frame=3,6,699,0,237,201,114,182,stance
frame=3,7,686,424,222,224,132,206,stance
frame=4,0,210,868,147,242,71,221,stance
frame=4,1,510,882,161,244,73,221,stance
frame=4,2,905,203,226,221,78,204,stance
frame=4,3,452,646,199,233,51,221,stance
frame=4,4,994,1393,159,260,45,220,stance
frame=4,5,988,1143,173,250,51,203,stance
frame=4,6,231,0,234,197,114,178,stance
frame=4,7,1131,205,219,221,131,203,stance
frame=5,0,1657,0,145,243,69,221,stance
frame=5,1,982,887,161,245,73,222,stance
frame=5,2,1350,205,226,222,78,205,stance
frame=5,3,651,648,199,234,51,222,stance
frame=5,4,516,1375,161,257,45,220,stance
frame=5,5,814,1132,174,249,51,202,stance
frame=5,6,0,0,231,195,114,176,stance
frame=5,7,462,198,217,220,129,202,stance
frame=6,0,671,882,147,244,70,223,stance
frame=6,1,1467,930,163,247,73,224,stance
frame=6,2,228,417,230,223,78,206,stance
frame=6,3,1059,651,200,236,51,224,stance
frame=6,4,1153,1394,158,260,44,222,stance
frame=6,5,1161,1143,176,251,51,204,stance
frame=6,6,465,0,234,198,114,179,stance
frame=6,7,1576,243,218,222,130,204,stance
frame=7,0,1630,930,154,247,73,226,stance
frame=7,1,481,1126,166,248,73,225,stance
frame=7,2,1131,427,226,224,77,207,stance
frame=7,3,1469,693,206,237,50,225,stance
frame=7,4,1311,1430,158,260,44,225,stance
frame=7,5,1507,1177,176,253,52,208,stance
frame=7,6,936,0,241,203,114,184,stance
frame=7,7,908,424,223,225,132,208,stance

[run]
frames=8
duration=533ms
type=looped
frame=0,0,386,630,162,236,74,223,run
frame=0,1,229,1348,191,255,76,227,run
frame=0,2,0,1104,229,242,64,212,run
frame=0,3,712,879,227,240,70,221,run
frame=0,4,1493,1390,206,261,76,213,run
frame=0,5,1122,892,202,241,80,191,run
frame=0,6,238,0,243,193,134,169,run
frame=0,7,868,200,215,215,135,197,run
frame=1,0,1674,428,145,233,74,217,run
frame=1,1,939,885,183,241,73,222,run
frame=1,2,188,404,223,226,63,204,run
frame=1,3,1542,205,209,223,51,206,run
frame=1,4,1028,1133,181,248,57,199,run
frame=1,5,854,415,202,227,77,176,run
frame=1,6,0,0,238,178,133,161,run
frame=1,7,224,193,205,211,138,191,run
frame=2,0,548,637,167,237,99,224,run
frame=2,1,864,1126,164,246,71,231,run
frame=2,2,1229,422,223,232,60,214,run
frame=2,3,1138,654,220,238,43,214,run
frame=2,4,1742,899,169,242,39,207,run
frame=2,5,1358,660,177,238,52,184,run
frame=2,6,710,0,237,198,123,170,run
frame=2,7,0,178,224,210,151,199,run
frame=3,0,151,865,213,239,124,223,run
frame=3,1,1562,1140,166,250,82,232,run
frame=3,2,420,1357,216,253,74,221,run
frame=3,3,636,1364,228,255,51,224,run
frame=3,4,1535,661,235,238,79,219,run
frame=3,5,229,1106,211,242,76,194,run
frame=3,6,1083,201,229,216,101,177,run
frame=3,7,411,404,235,226,145,200,run
frame=4,0,171,630,215,235,127,213,run
frame=4,1,364,866,164,240,84,221,run
frame=4,2,1324,898,202,241,85,211,run
frame=4,3,1103,1388,223,255,67,227,run
frame=4,4,715,642,228,237,76,223,run
frame=4,5,440,1114,208,243,70,197,run
frame=4,6,653,198,215,213,83,169,run
frame=4,7,1312,205,230,217,131,191,run
frame=5,0,0,388,188,223,120,198,run
frame=5,1,1751,205,145,223,81,206,run
frame=5,2,646,411,208,226,88,204,run
frame=5,3,1526,899,216,241,65,222,run
frame=5,4,943,648,195,237,58,217,run
frame=5,5,528,874,184,240,51,191,run
frame=5,6,1411,0,215,205,88,161,run
frame=5,7,481,0,229,193,132,176,run
frame=6,0,1056,417,173,231,106,207,run
frame=6,1,0,846,151,238,79,214,run
frame=6,2,1452,428,222,232,85,214,run
frame=6,3,648,1119,216,245,54,231,run
frame=6,4,1209,1139,168,249,39,224,run
frame=6,5,1377,1140,185,249,44,199,run
frame=6,6,1626,0,234,205,102,170,run
frame=6,7,947,0,232,200,137,184,run
frame=7,0,0,611,171,235,82,219,run
frame=7,1,1326,1389,167,255,74,224,run
frame=7,2,0,1346,229,252,73,221,run
frame=7,3,864,1381,239,250,76,232,run
frame=7,4,1699,1392,211,262,79,223,run
frame=7,5,1728,1141,189,251,60,200,run
frame=7,6,1179,0,232,201,120,177,run
frame=7,7,429,193,224,211,140,194,run

[swing]
frames=8
duration=1066ms
type=play_once
frame=0,0,0,884,157,248,76,227,swing
frame=0,1,1170,924,167,249,73,226,swing
frame=0,2,235,203,228,224,77,207,swing
frame=0,3,1675,448,210,238,50,226,swing
frame=0,4,178,1394,158,261,44,227,swing
frame=0,5,1140,1173,172,255,52,210,swing
frame=0,6,524,0,241,205,114,186,swing
frame=0,7,1173,218,227,228,133,211,swing
frame=1,0,635,667,186,241,35,220,swing
frame=1,1,944,217,229,227,37,204,swing
frame=1,2,0,0,250,197,58,178,swing
frame=1,3,384,904,163,248,59,199,swing
frame=1,4,493,1410,166,264,100,215,swing
frame=1,5,690,435,244,232,161,216,swing
frame=1,6,250,0,274,203,159,199,swing
frame=1,7,821,678,184,241,66,225,swing
frame=2,0,1538,1439,215,281,23,260,swing
frame=2,1,1400,219,233,228,41,205,swing
frame=2,2,463,205,241,224,49,188,swing
frame=2,3,1755,686,153,247,60,207,swing
frame=2,4,336,1152,192,252,125,222,swing
frame=2,5,220,429,245,229,166,224,swing
frame=2,6,1298,1437,240,264,135,260,swing
frame=2,7,1753,1439,147,291,35,275,swing
frame=3,0,528,1156,198,254,104,233,swing
frame=3,1,1533,1182,174,255,57,233,swing
frame=3,2,1473,0,246,219,54,203,swing
frame=3,3,187,658,239,238,47,219,swing
frame=3,4,1707,1184,191,255,42,225,swing
frame=3,5,1137,1428,161,264,63,216,swing
frame=3,6,983,0,256,217,139,198,swing
frame=3,7,1179,447,271,234,170,217,swing
frame=4,0,726,1167,249,251,192,230,swing
frame=4,1,659,1418,242,258,167,236,swing
frame=4,2,547,908,195,248,59,233,swing
frame=4,3,0,197,235,221,47,217,swing
frame=4,4,465,429,225,236,33,214,swing
frame=4,5,426,665,209,239,17,197,swing
frame=4,6,1005,681,185,241,72,176,swing
frame=4,7,1312,1177,221,253,141,203,swing
frame=5,0,1550,933,254,249,179,228,swing
frame=5,1,901,1424,236,261,156,239,swing
frame=5,2,1190,681,175,243,56,228,swing
frame=5,3,765,0,218,210,47,206,swing
frame=5,4,1450,448,225,236,33,214,swing
frame=5,5,1337,928,213,249,21,207,swing
frame=5,6,1590,686,165,245,55,188,swing
frame=5,7,157,896,227,247,125,201,swing
frame=6,0,742,919,244,248,164,227,swing
frame=6,1,0,1394,178,257,97,234,swing
frame=6,2,0,646,187,238,71,222,swing
frame=6,3,1239,0,234,218,54,213,swing
frame=6,4,1365,684,225,244,33,222,swing
frame=6,5,0,1132,153,258,27,214,swing
frame=6,6,153,1143,183,251,65,192,swing
frame=6,7,934,446,245,232,138,205,swing
frame=7,0,986,922,184,248,103,227,swing
frame=7,1,1804,933,155,251,69,228,swing
frame=7,2,1633,220,223,228,79,212,swing
frame=7,3,0,418,220,228,52,223,swing
frame=7,4,975,1170,165,254,40,227,swing
frame=7,5,336,1404,157,263,41,213,swing
frame=7,6,1719,0,231,220,105,189,swing
frame=7,7,704,210,240,225,142,209,swing

[block]
frames=8
duration=266ms
type=play_once
frame=0,0,659,1358,157,248,76,227,block
frame=0,1,816,1367,167,249,73,226,block
frame=0,2,660,426,228,224,77,207,block
frame=0,3,169,1108,210,238,50,226,block
frame=0,4,1658,1386,158,261,44,227,block
frame=0,5,1323,1375,172,255,52,210,block
frame=0,6,423,0,241,205,114,186,block
frame=0,7,1551,434,227,228,133,211,block
frame=1,0,1199,1130,198,241,105,220,block
frame=1,1,1659,662,147,235,48,212,block
frame=1,2,1210,0,200,209,72,192,block
frame=1,3,429,422,231,223,66,212,block
frame=1,4,586,1117,192,239,55,219,block
frame=1,5,1657,897,155,244,52,209,block
frame=1,6,1410,0,201,213,79,188,block
frame=1,7,1242,213,233,220,129,209,block
frame=2,0,400,879,211,235,114,214,block
frame=2,1,1487,662,172,234,72,204,block
frame=2,2,0,638,186,228,68,202,block
frame=2,3,815,208,213,218,77,205,block
frame=2,4,172,874,228,234,67,214,block
frame=2,5,377,645,175,229,61,204,block
frame=2,6,664,0,180,205,62,185,block
frame=2,7,0,203,203,215,91,206,block
frame=3,0,611,882,210,235,113,214,block
frame=3,1,0,866,172,234,72,204,block
frame=3,2,186,644,191,228,68,202,block
frame=3,3,1028,209,214,218,77,205,block
frame=3,4,1088,659,226,233,67,213,block
frame=3,5,552,650,175,229,61,204,block
frame=3,6,242,0,181,204,62,184,block
frame=3,7,1611,0,202,214,90,205,block
frame=4,0,1277,894,209,236,117,215,block
frame=4,1,1486,896,171,237,75,207,block
frame=4,2,903,652,185,231,68,205,block
frame=4,3,1475,214,215,220,74,208,block
frame=4,4,821,883,227,235,63,215,block
frame=4,5,727,652,176,230,58,205,block
frame=4,6,844,0,181,206,62,184,block
frame=4,7,203,204,203,215,93,206,block
frame=5,0,1397,1133,208,242,123,221,block
frame=5,1,0,1100,169,245,78,215,block
frame=5,2,778,1118,190,240,68,214,block
frame=5,3,1336,434,215,227,68,215,block
frame=5,4,968,1127,231,240,62,220,block
frame=5,5,1314,661,173,233,50,208,block
frame=5,6,1025,0,185,208,62,185,block
frame=5,7,406,205,204,217,98,208,block
frame=6,0,1605,1141,203,245,122,225,block
frame=6,1,0,1345,149,245,57,223,block
frame=6,2,0,418,200,220,73,205,block
frame=6,3,1048,892,229,235,57,223,block
frame=6,4,149,1346,200,245,45,225,block
frame=6,5,349,1352,157,245,42,209,block
frame=6,6,610,205,205,217,78,185,block
frame=6,7,200,422,229,222,134,210,block
frame=7,0,506,1356,153,247,73,226,block
frame=7,1,983,1367,164,249,71,226,block
frame=7,2,888,427,226,225,77,208,block
frame=7,3,379,1114,207,238,50,226,block
frame=7,4,1495,1386,163,260,44,226,block
frame=7,5,1147,1371,176,254,52,209,block
frame=7,6,0,0,242,203,114,184,block
frame=7,7,1114,433,222,226,132,209,block

[cast]
frames=8
duration=800ms
type=play_once
frame=0,0,0,1691,157,248,76,227,cast
frame=0,1,473,215,167,249,73,226,cast
frame=0,2,636,713,228,224,77,207,cast
frame=0,3,639,475,210,238,50,226,cast
frame=0,4,640,214,158,261,44,227,cast
frame=0,5,464,707,172,255,52,210,cast
frame=0,6,1257,0,241,205,114,186,cast
frame=0,7,235,1227,227,228,133,211,cast
frame=1,0,1057,712,149,252,53,231,cast
frame=1,1,864,713,193,250,79,227,cast
frame=1,2,224,819,231,226,79,209,cast
frame=1,3,455,962,202,241,53,230,cast
frame=1,4,1206,698,149,268,45,236,cast
frame=1,5,1014,457,186,255,69,222,cast
frame=1,6,754,0,252,211,117,199,cast
frame=1,7,0,995,224,237,117,219,cast
frame=2,0,849,457,165,256,53,235,cast
frame=2,1,0,251,230,252,84,229,cast
frame=2,2,0,1232,235,230,74,213,cast
frame=2,3,462,1203,189,243,57,233,cast
frame=2,4,1200,428,156,270,59,243,cast
frame=2,5,0,749,217,246,92,231,cast
frame=2,6,235,0,261,215,120,211,cast
frame=2,7,798,211,206,246,89,227,cast
frame=3,0,823,1189,185,253,69,232,cast
frame=3,1,0,0,235,251,81,228,cast
frame=3,2,0,1462,239,229,72,213,cast
frame=3,3,651,1203,172,240,53,227,cast
frame=3,4,322,1680,164,259,65,233,cast
frame=3,5,1152,205,226,223,99,218,cast
frame=3,6,496,0,258,214,122,202,cast
frame=3,7,838,1442,183,238,75,221,cast
frame=4,0,465,464,174,243,73,222,cast
frame=4,1,0,503,229,246,85,223,cast
frame=4,2,235,215,238,224,68,208,cast
frame=4,3,861,963,187,226,51,218,cast
frame=4,4,157,1691,165,247,55,218,cast
frame=4,5,1355,868,220,214,91,199,cast
frame=4,6,1006,0,251,200,125,184,cast
frame=4,7,1185,1690,180,229,91,206,cast
frame=5,0,1048,964,145,235,69,209,cast
frame=5,1,1365,1505,166,238,78,215,cast
frame=5,2,1356,649,223,219,82,202,cast
frame=5,3,998,1686,187,228,49,216,cast
frame=5,4,1021,1436,170,250,48,212,cast
frame=5,5,468,1446,189,232,56,188,cast
frame=5,6,230,439,235,183,112,164,cast
frame=5,7,1355,1082,206,210,121,188,cast
frame=6,0,1193,1206,144,237,73,210,cast
frame=6,1,1193,966,162,240,84,217,cast
frame=6,2,1356,429,225,220,87,203,cast
frame=6,3,657,1443,181,232,48,220,cast
frame=6,4,652,1678,169,255,44,216,cast
frame=6,5,1008,1199,185,237,51,192,cast
frame=6,6,224,1045,230,182,107,163,cast
frame=6,7,1357,1292,200,213,117,188,cast
frame=7,0,1004,211,148,246,76,222,cast
frame=7,1,1191,1443,166,247,80,224,cast
frame=7,2,239,1455,229,225,81,208,cast
frame=7,3,657,937,204,237,50,225,cast
frame=7,4,486,1678,166,260,43,223,cast
frame=7,5,821,1680,177,249,48,203,cast
frame=7,6,229,622,235,197,111,176,cast
frame=7,7,1378,205,217,224,131,202,cast

[cast_alt]
frames=8
duration=800ms
type=play_once
frame=0,0,833,763,157,248,76,227,cast_alt
frame=0,1,835,1011,167,249,73,226,cast_alt
frame=0,2,396,535,228,224,77,207,cast_alt
frame=0,3,370,1254,210,238,50,226,cast_alt
frame=0,4,1002,1011,158,261,44,227,cast_alt
frame=0,5,1545,760,172,255,52,210,cast_alt
frame=0,6,1248,282,241,205,114,186,cast_alt
frame=0,7,608,1011,227,228,133,211,cast_alt
frame=1,0,1711,1330,155,239,82,217,cast_alt
frame=1,1,601,1491,162,241,77,218,cast_alt
frame=1,2,1711,1113,226,217,76,200,cast_alt
frame=1,3,390,1492,211,229,50,218,cast_alt
frame=1,4,990,759,159,252,43,217,cast_alt
frame=1,5,1545,1015,166,246,47,198,cast_alt
frame=1,6,1717,704,232,195,114,173,cast_alt
frame=1,7,740,1260,222,221,138,199,cast_alt
frame=2,0,1353,1495,156,231,93,206,cast_alt
frame=2,1,1509,1495,154,232,82,209,cast_alt
frame=2,2,1187,1269,205,210,65,193,cast_alt
frame=2,3,763,1481,219,220,48,209,cast_alt
frame=2,4,580,1254,160,237,40,205,cast_alt
frame=2,5,1790,0,163,236,38,185,cast_alt
frame=2,6,1717,518,236,186,114,158,cast_alt
frame=2,7,1732,290,221,219,146,185,cast_alt
frame=3,0,1183,1479,170,227,104,206,cast_alt
frame=3,1,1392,1259,151,236,77,213,cast_alt
frame=3,2,982,1478,201,215,61,199,cast_alt
frame=3,3,201,1005,228,224,47,213,cast_alt
frame=3,4,222,1499,168,233,38,205,cast_alt
frame=3,5,1543,1261,168,229,37,180,cast_alt
frame=3,6,0,1540,222,190,109,160,cast_alt
frame=3,7,962,1272,225,206,150,180,cast_alt
frame=4,0,616,763,217,248,145,227,cast_alt
frame=4,1,188,1229,182,270,98,247,cast_alt
frame=4,2,1339,760,206,251,61,235,cast_alt
frame=4,3,1478,518,239,242,47,231,cast_alt
frame=4,4,386,759,230,246,38,226,cast_alt
frame=4,5,429,1005,179,249,37,205,cast_alt
frame=4,6,1717,899,228,214,101,178,cast_alt
frame=4,7,1056,0,258,221,174,205,cast_alt
frame=5,0,211,305,185,300,102,279,cast_alt
frame=5,1,0,1229,188,311,85,288,cast_alt
frame=5,2,0,925,201,304,61,288,cast_alt
frame=5,3,1557,0,233,290,47,279,cast_alt
frame=5,4,624,502,225,261,39,241,cast_alt
frame=5,5,1349,1011,196,248,43,223,cast_alt
frame=5,6,1149,757,190,254,62,230,cast_alt
frame=5,7,849,491,200,268,92,251,cast_alt
frame=6,0,0,616,204,309,109,288,cast_alt
frame=6,1,0,305,211,311,84,288,cast_alt
frame=6,2,0,0,230,305,71,288,cast_alt
frame=6,3,1314,0,243,282,59,271,cast_alt
frame=6,4,1043,224,205,267,41,247,cast_alt
frame=6,5,1263,487,215,258,59,233,cast_alt
frame=6,6,609,227,205,275,64,250,cast_alt
frame=6,7,396,246,213,289,91,273,cast_alt
frame=7,0,204,616,182,268,95,247,cast_alt
frame=7,1,814,224,229,267,106,244,cast_alt
frame=7,2,510,0,275,227,83,210,cast_alt
frame=7,3,1489,290,243,228,51,217,cast_alt
frame=7,4,1160,1011,189,258,43,229,cast_alt
frame=7,5,1049,491,214,266,62,224,cast_alt
frame=7,6,785,0,271,224,142,205,cast_alt
frame=7,7,230,0,280,246,165,224,cast_alt

[shoot]
frames=8
duration=800ms
type=play_once
frame=0,0,1738,459,157,248,76,227,shoot
frame=0,1,929,695,167,249,73,226,shoot
frame=0,2,652,0,228,224,77,207,shoot
frame=0,3,455,452,210,238,50,226,shoot
frame=0,4,887,1200,158,261,44,227,shoot
frame=0,5,580,940,172,255,52,210,shoot
frame=0,6,0,0,241,205,114,186,shoot
frame=0,7,0,205,227,228,133,211,shoot
frame=1,0,903,944,183,256,90,233,shoot
frame=1,1,1445,702,228,253,89,230,shoot
frame=1,2,1319,0,261,227,94,211,shoot
frame=1,3,457,0,195,223,54,212,shoot
frame=1,4,1086,949,151,257,49,223,shoot
frame=1,5,1668,1218,202,267,84,217,shoot
frame=1,6,1496,459,242,243,113,198,shoot
frame=1,7,868,455,207,240,100,218,shoot
frame=2,0,206,1450,227,271,101,246,shoot
frame=2,1,160,1185,197,259,71,236,shoot
frame=2,2,225,452,230,233,94,217,shoot
frame=2,3,444,223,189,229,67,218,shoot
frame=2,4,1237,951,187,257,74,224,shoot
frame=2,5,1508,1218,160,266,59,214,shoot
frame=2,6,0,1444,206,269,81,220,shoot
frame=2,7,1045,1208,229,261,106,239,shoot
frame=3,0,620,1456,229,278,102,254,shoot
frame=3,1,1051,1469,206,282,63,259,shoot
frame=3,2,1274,1212,234,263,90,247,shoot
frame=3,3,0,433,225,237,69,226,shoot
frame=3,4,548,1195,184,260,49,227,shoot
frame=3,5,433,1455,187,272,74,221,shoot
frame=3,6,1648,1485,200,297,80,247,shoot
frame=3,7,849,1469,202,281,103,259,shoot
frame=4,0,662,695,267,245,192,224,shoot
frame=4,1,1257,1475,187,290,108,267,shoot
frame=4,2,1444,1484,204,292,84,275,shoot
frame=4,3,191,685,260,246,68,235,shoot
frame=4,4,1574,960,239,258,47,226,shoot
frame=4,5,357,1191,191,259,34,210,shoot
frame=4,6,665,455,203,238,78,185,shoot
frame=4,7,1580,0,269,227,167,204,shoot
frame=5,0,1270,459,226,241,146,220,shoot
frame=5,1,1096,695,171,254,98,231,shoot
frame=5,2,0,670,191,246,83,229,shoot
frame=5,3,850,226,233,229,71,218,shoot
frame=5,4,182,931,237,254,45,222,shoot
frame=5,5,0,916,182,254,33,206,shoot
frame=5,6,1083,226,212,229,77,179,shoot
frame=5,7,241,0,216,220,113,196,shoot
frame=6,0,451,690,211,247,134,226,shoot
frame=6,1,752,940,151,256,75,233,shoot
frame=6,2,1075,455,195,240,85,223,shoot
frame=6,3,880,0,229,226,68,215,shoot
frame=6,4,1673,707,225,253,45,221,shoot
frame=6,5,1424,955,150,257,34,208,shoot
frame=6,6,1295,227,209,232,78,182,shoot
frame=6,7,227,220,217,228,117,205,shoot
frame=7,0,1267,700,178,251,98,228,shoot
frame=7,1,419,937,161,254,76,231,shoot
frame=7,2,1504,227,212,232,94,215,shoot
frame=7,3,1716,227,193,232,62,220,shoot
frame=7,4,0,1170,160,258,44,225,shoot
frame=7,5,732,1196,155,260,36,210,shoot
frame=7,6,633,224,217,228,90,186,shoot
frame=7,7,1109,0,210,226,114,210,shoot

[hit]
frames=3
duration=200ms
type=back_forth
frame=0,0,330,907,157,248,76,227,die
frame=0,1,523,632,167,249,73,226,die
frame=0,2,0,443,228,224,77,207,die
frame=0,3,0,667,210,238,50,226,die
frame=0,4,172,905,158,261,44,227,die
frame=0,5,0,905,172,255,52,210,die
frame=0,6,484,0,241,205,114,186,die
frame=0,7,0,215,227,228,133,211,die
frame=1,0,210,667,157,231,71,202,die
frame=1,1,0,1160,156,224,77,200,die
frame=1,2,227,218,220,215,85,198,die
frame=1,3,228,433,214,213,68,202,die
frame=1,4,1696,0,144,252,39,221,die
frame=1,5,367,646,156,261,42,219,die
frame=1,6,252,0,232,218,104,198,die
frame=1,7,0,0,252,215,123,191,die
frame=2,0,878,1031,164,206,74,163,die
frame=2,1,1370,1151,161,193,100,162,die
frame=2,2,1478,182,216,204,105,179,die
frame=2,3,690,830,211,201,84,190,die
frame=2,4,372,1155,140,225,50,195,die
frame=2,5,487,907,143,243,30,198,die
frame=2,6,690,626,210,204,88,178,die
frame=2,7,725,0,246,195,114,155,die

[die]
frames=8
duration=1066ms
type=back_forth
frame=0,0,330,907,157,248,76,227,die
frame=0,1,523,632,167,249,73,226,die
frame=0,2,0,443,228,224,77,207,die
frame=0,3,0,667,210,238,50,226,die
frame=0,4,172,905,158,261,44,227,die
frame=0,5,0,905,172,255,52,210,die
frame=0,6,484,0,241,205,114,186,die
frame=0,7,0,215,227,228,133,211,die
frame=1,0,210,667,157,231,71,202,die
frame=1,1,0,1160,156,224,77,200,die
frame=1,2,227,218,220,215,85,198,die
frame=1,3,228,433,214,213,68,202,die
frame=1,4,1696,0,144,252,39,221,die
frame=1,5,367,646,156,261,42,219,die
frame=1,6,252,0,232,218,104,198,die
frame=1,7,0,0,252,215,123,191,die
frame=2,0,878,1031,164,206,74,163,die
frame=2,1,1370,1151,161,193,100,162,die
frame=2,2,1478,182,216,204,105,179,die
frame=2,3,690,830,211,201,84,190,die
frame=2,4,372,1155,140,225,50,195,die
frame=2,5,487,907,143,243,30,198,die
frame=2,6,690,626,210,204,88,178,die
frame=2,7,725,0,246,195,114,155,die
frame=3,0,1072,1194,157,190,66,148,die
frame=3,1,1686,700,152,192,102,158,die
frame=3,2,156,1166,216,208,105,175,die
frame=3,3,1111,691,201,200,79,183,die
frame=3,4,512,1150,156,217,68,181,die
frame=3,5,1694,252,148,233,34,187,die
frame=3,6,901,804,210,195,90,169,die
frame=3,7,1462,0,234,182,110,142,die
frame=4,0,1229,1194,141,190,63,146,die
frame=4,1,1701,892,133,191,86,157,die
frame=4,2,1111,891,207,194,99,161,die
frame=4,3,1404,386,204,194,81,177,die
frame=4,4,1528,580,156,216,68,174,die
frame=4,5,1684,485,153,215,34,169,die
frame=4,6,1188,340,216,173,97,150,die
frame=4,7,442,464,228,168,106,130,die
frame=5,0,1686,1151,153,179,73,126,die
frame=5,1,1531,1151,155,186,96,147,die
frame=5,2,1327,580,201,194,114,154,die
frame=5,3,1318,774,188,188,78,165,die
frame=5,4,1506,796,180,195,80,158,die
frame=5,5,1318,962,184,186,49,141,die
frame=5,6,873,1237,199,143,76,115,die
frame=5,7,668,1235,205,149,100,105,die
frame=6,0,1502,991,199,160,93,96,die
frame=6,1,1116,513,211,178,129,129,die
frame=6,2,668,1031,210,204,128,151,die
frame=6,3,902,498,214,186,99,148,die
frame=6,4,969,327,219,171,106,133,die
frame=6,5,670,466,232,160,78,109,die
frame=6,6,1042,1085,206,109,77,71,die
frame=6,7,900,684,211,120,111,72,die
frame=7,0,484,205,241,129,135,49,die
frame=7,1,971,186,247,141,157,83,die
frame=7,2,971,0,247,186,161,133,die
frame=7,3,1218,0,244,188,119,144,die
frame=7,4,1218,188,260,152,106,109,die
frame=7,5,447,334,261,130,89,69,die
frame=7,6,708,336,248,130,86,70,die
frame=7,7,725,195,244,141,124,65,die

[critdie]
frames=8
duration=1066ms
type=play_once
frame=0,0,330,907,157,248,76,227,die
frame=0,1,523,632,167,249,73,226,die
frame=0,2,0,443,228,224,77,207,die
frame=0,3,0,667,210,238,50,226,die
frame=0,4,172,905,158,261,44,227,die
frame=0,5,0,905,172,255,52,210,die
frame=0,6,484,0,241,205,114,186,die
frame=0,7,0,215,227,228,133,211,die
frame=1,0,210,667,157,231,71,202,die
frame=1,1,0,1160,156,224,77,200,die
frame=1,2,227,218,220,215,85,198,die
frame=1,3,228,433,214,213,68,202,die
frame=1,4,1696,0,144,252,39,221,die
frame=1,5,367,646,156,261,42,219,die
frame=1,6,252,0,232,218,104,198,die
frame=1,7,0,0,252,215,123,191,die
frame=2,0,878,1031,164,206,74,163,die
frame=2,1,1370,1151,161,193,100,162,die
frame=2,2,1478,182,216,204,105,179,die
frame=2,3,690,830,211,201,84,190,die
frame=2,4,372,1155,140,225,50,195,die
frame=2,5,487,907,143,243,30,198,die
frame=2,6,690,626,210,204,88,178,die
frame=2,7,725,0,246,195,114,155,die
frame=3,0,1072,1194,157,190,66,148,die
frame=3,1,1686,700,152,192,102,158,die
frame=3,2,156,1166,216,208,105,175,die
frame=3,3,1111,691,201,200,79,183,die
frame=3,4,512,1150,156,217,68,181,die
frame=3,5,1694,252,148,233,34,187,die
frame=3,6,901,804,210,195,90,169,die
frame=3,7,1462,0,234,182,110,142,die
frame=4,0,1229,1194,141,190,63,146,die
frame=4,1,1701,892,133,191,86,157,die
frame=4,2,1111,891,207,194,99,161,die
frame=4,3,1404,386,204,194,81,177,die
frame=4,4,1528,580,156,216,68,174,die
frame=4,5,1684,485,153,215,34,169,die
frame=4,6,1188,340,216,173,97,150,die
frame=4,7,442,464,228,168,106,130,die
frame=5,0,1686,1151,153,179,73,126,die
frame=5,1,1531,1151,155,186,96,147,die
frame=5,2,1327,580,201,194,114,154,die
frame=5,3,1318,774,188,188,78,165,die
frame=5,4,1506,796,180,195,80,158,die
frame=5,5,1318,962,184,186,49,141,die
frame=5,6,873,1237,199,143,76,115,die
frame=5,7,668,1235,205,149,100,105,die
frame=6,0,1502,991,199,160,93,96,die
frame=6,1,1116,513,211,178,129,129,die
frame=6,2,668,1031,210,204,128,151,die
frame=6,3,902,498,214,186,99,148,die
frame=6,4,969,327,219,171,106,133,die
frame=6,5,670,466,232,160,78,109,die
frame=6,6,1042,1085,206,109,77,71,die
frame=6,7,900,684,211,120,111,72,die
frame=7,0,484,205,241,129,135,49,die
frame=7,1,971,186,247,141,157,83,die
frame=7,2,971,0,247,186,161,133,die
frame=7,3,1218,0,244,188,119,144,die
frame=7,4,1218,188,260,152,106,109,die
frame=7,5,447,334,261,130,89,69,die
frame=7,6,708,336,248,130,86,70,die
frame=7,7,725,195,244,141,124,65,die
