image=images/enemies/wyvern/wyvern_stance.png,stance
image=images/enemies/wyvern/wyvern_run.png,run
image=images/enemies/wyvern/wyvern_swing.png,swing
image=images/enemies/wyvern/wyvern_cast.png,cast
image=images/enemies/wyvern/wyvern_dash_attack.png,dash_attack
image=images/enemies/wyvern/wyvern_hit.png,hit
image=images/enemies/wyvern/wyvern_die.png,die

[stance]
frames=8
duration=800ms
type=looped
frame=0,0,1437,739,129,209,36,181,stance
frame=0,1,1674,1167,197,202,67,183,stance
frame=0,2,296,1595,241,190,102,183,stance
frame=0,3,1599,1369,197,202,89,183,stance
frame=0,4,1450,1366,149,208,60,181,stance
frame=0,5,537,1621,199,190,89,178,stance
frame=0,6,955,733,241,171,102,174,stance
frame=0,7,1723,560,199,190,67,178,stance
frame=1,0,563,877,157,263,50,236,stance
frame=1,1,0,1436,296,245,127,224,stance
frame=1,2,313,491,320,199,130,192,stance
frame=1,3,976,263,299,244,115,224,stance
frame=1,4,582,1358,167,263,63,236,stance
frame=1,5,1275,270,296,244,115,218,stance
frame=1,6,633,624,322,189,131,192,stance
frame=1,7,269,877,294,245,127,219,stance
frame=2,0,1571,270,163,290,43,288,stance
frame=2,1,0,875,269,292,99,288,stance
frame=2,2,1293,0,300,270,110,262,stance
frame=2,3,0,581,285,294,102,288,stance
frame=2,4,1572,866,197,287,68,288,stance
frame=2,5,1593,0,280,266,102,271,stance
frame=2,6,320,260,299,231,110,235,stance
frame=2,7,0,1167,271,269,99,271,stance
frame=3,0,1566,560,157,306,44,278,stance
frame=3,1,0,0,320,289,135,272,stance
frame=3,2,638,0,341,235,149,228,stance
frame=3,3,0,289,313,292,121,274,stance
frame=3,4,720,813,180,311,64,280,stance
frame=3,5,979,0,314,263,122,246,stance
frame=3,6,633,433,343,191,151,198,stance
frame=3,7,320,0,318,260,137,244,stance
frame=4,0,749,1358,166,241,60,191,stance
frame=4,1,976,507,292,226,148,194,stance
frame=4,2,638,235,338,198,151,195,stance
frame=4,3,1268,514,286,225,107,194,stance
frame=4,4,915,1358,160,241,60,191,stance
frame=4,5,296,1358,286,237,107,186,stance
frame=4,6,285,690,328,187,151,182,stance
frame=4,7,271,1122,291,236,148,186,stance
frame=5,0,749,1599,154,208,59,196,stance
frame=5,1,1769,750,153,208,70,200,stance
frame=5,2,1796,1369,123,209,39,201,stance
frame=5,3,903,1599,149,208,57,200,stance
frame=5,4,1724,1578,157,208,55,196,stance
frame=5,5,714,1140,147,218,57,191,stance
frame=5,6,1549,1154,125,210,40,187,stance
frame=5,7,1569,1574,155,220,69,191,stance
frame=6,0,1409,1574,160,213,68,192,stance
frame=6,1,1734,266,188,214,89,196,stance
frame=6,2,861,1154,159,204,63,197,stance
frame=6,3,1236,1573,173,214,72,196,stance
frame=6,4,1075,1559,161,214,61,192,stance
frame=6,5,1075,1338,168,221,71,187,stance
frame=6,6,1769,958,151,209,62,184,stance
frame=6,7,1020,1115,191,223,89,188,stance
frame=7,0,1211,1110,129,218,37,185,stance
frame=7,1,900,904,216,211,84,187,stance
frame=7,2,1196,739,241,193,104,188,stance
frame=7,3,1340,1154,209,212,93,187,stance
frame=7,4,562,1140,152,218,58,185,stance
frame=7,5,1243,1366,207,207,93,181,stance
frame=7,6,1116,932,240,178,104,177,stance
frame=7,7,1356,948,216,206,84,181,stance

[block]
frames=2
duration=200ms
type=play_once
active_frame=0
frame=0,0,1437,739,129,209,36,181,stance
frame=0,1,1674,1167,197,202,67,183,stance
frame=0,2,296,1595,241,190,102,183,stance
frame=0,3,1599,1369,197,202,89,183,stance
frame=0,4,1450,1366,149,208,60,181,stance
frame=0,5,537,1621,199,190,89,178,stance
frame=0,6,955,733,241,171,102,174,stance
frame=0,7,1723,560,199,190,67,178,stance
frame=1,0,563,877,157,263,50,236,stance
frame=1,1,0,1436,296,245,127,224,stance
frame=1,2,313,491,320,199,130,192,stance
frame=1,3,976,263,299,244,115,224,stance
frame=1,4,582,1358,167,263,63,236,stance
frame=1,5,1275,270,296,244,115,218,stance
frame=1,6,633,624,322,189,131,192,stance
frame=1,7,269,877,294,245,127,219,stance

[run]
frames=8
duration=533ms
type=looped
frame=0,0,1154,1292,230,231,75,184,run
frame=0,1,923,1071,261,198,104,167,run
frame=0,2,692,368,315,188,141,170,run
frame=0,3,892,1476,262,199,119,168,run
frame=0,4,1154,1523,233,231,111,184,run
frame=0,5,892,1269,262,207,119,178,run
frame=0,6,1048,169,314,199,141,193,run
frame=0,7,311,1683,260,206,104,178,run
frame=1,0,941,556,223,256,71,211,run
frame=1,1,314,1236,290,214,143,198,run
frame=1,2,324,634,341,202,150,168,run
frame=1,3,598,1485,285,217,103,199,run
frame=1,4,941,812,240,259,123,211,run
frame=1,5,604,1254,288,231,104,190,run
frame=1,6,318,836,340,172,150,166,run
frame=1,7,311,1450,287,233,142,190,run
frame=2,0,522,1904,240,259,112,225,run
frame=2,1,0,1239,307,250,173,227,run
frame=2,2,354,0,338,232,146,194,run
frame=2,3,665,556,276,249,84,227,run
frame=2,4,0,2237,267,261,106,225,run
frame=2,5,665,805,276,243,84,192,run
frame=2,6,354,232,338,175,146,153,run
frame=2,7,0,1489,311,245,173,192,run
frame=3,0,294,1889,228,272,107,226,run
frame=3,1,0,239,324,258,175,238,run
frame=3,2,0,0,354,239,162,205,run
frame=3,3,0,1734,293,259,101,240,run
frame=3,4,0,2498,255,271,98,227,run
frame=3,5,0,1993,294,244,102,196,run
frame=3,6,1048,0,354,169,162,154,run
frame=3,7,0,497,324,244,175,196,run
frame=4,0,1184,1016,199,276,75,225,run
frame=4,1,0,990,314,249,147,217,run
frame=4,2,692,0,356,200,164,170,run
frame=4,3,0,741,318,249,126,217,run
frame=4,4,1181,741,219,275,97,225,run
frame=4,5,324,407,318,227,126,191,run
frame=4,6,692,200,355,168,163,162,run
frame=4,7,314,1008,314,228,147,191,run
frame=5,0,1162,2175,231,187,81,162,run
frame=5,1,969,2113,193,212,59,164,run
frame=5,2,971,2325,162,211,68,172,run
frame=5,3,1162,1964,217,211,115,164,run
frame=5,4,1164,555,238,186,112,162,run
frame=5,5,816,1702,213,196,115,198,run
frame=5,6,762,1904,163,223,68,212,run
frame=5,7,721,2570,196,195,59,198,run
frame=6,0,488,2570,233,186,80,156,run
frame=6,1,766,2345,205,211,58,164,run
frame=6,2,917,2556,204,203,89,172,run
frame=6,3,1156,1754,222,210,122,164,run
frame=6,4,294,2161,228,186,106,156,run
frame=6,5,1133,2362,220,191,122,192,run
frame=6,6,766,2127,203,218,89,207,run
frame=6,7,1121,2553,204,190,58,192,run
frame=7,0,255,2550,233,216,77,169,run
frame=7,1,522,2163,244,204,86,164,run
frame=7,2,1007,368,296,187,134,171,run
frame=7,3,571,1702,245,202,125,164,run
frame=7,4,925,1898,231,215,109,168,run
frame=7,5,267,2347,245,203,125,182,run
frame=7,6,628,1048,295,206,134,198,run
frame=7,7,512,2367,244,203,86,182,run

[swing]
frames=8
duration=1066ms
type=play_once
frame=0,0,274,804,262,211,130,187,swing
frame=0,1,1797,219,244,213,140,209,swing
frame=0,2,1072,422,231,225,96,205,swing
frame=0,3,1040,647,251,214,71,209,swing
frame=0,4,614,203,278,211,99,187,swing
frame=0,5,1046,861,248,212,71,165,swing
frame=0,6,768,1523,231,193,96,160,swing
frame=0,7,1784,866,243,210,140,165,swing
frame=1,0,892,208,273,214,136,188,swing
frame=1,1,1797,432,243,218,143,211,swing
frame=1,2,528,1451,240,228,100,205,swing
frame=1,3,271,1015,259,215,72,211,swing
frame=1,4,1228,0,281,215,100,188,swing
frame=1,5,1541,647,249,214,69,166,swing
frame=1,6,524,1256,240,195,101,160,swing
frame=1,7,1294,861,245,213,143,166,swing
frame=2,0,0,1138,265,228,138,193,swing
frame=2,1,1303,418,242,229,152,216,swing
frame=2,2,0,686,274,228,118,203,swing
frame=2,3,0,1366,267,223,75,216,swing
frame=2,4,0,221,283,227,99,193,swing
frame=2,5,815,422,257,220,65,171,swing
frame=2,6,283,372,274,202,118,165,swing
frame=2,7,1785,0,256,219,152,171,swing
frame=3,0,768,1274,200,249,106,207,swing
frame=3,1,0,448,269,238,164,219,swing
frame=3,2,0,0,320,221,139,195,swing
frame=3,3,267,1230,257,230,65,219,swing
frame=3,4,297,1460,231,250,78,207,swing
frame=3,5,536,636,255,223,63,175,swing
frame=3,6,320,0,318,191,139,171,swing
frame=3,7,0,914,271,224,164,176,swing
frame=4,0,1790,650,249,216,95,181,swing
frame=4,1,274,574,258,230,68,178,swing
frame=4,2,1509,0,276,214,119,177,swing
frame=4,3,1545,418,252,229,154,177,swing
frame=4,4,1291,647,250,214,120,179,swing
frame=4,5,536,859,255,200,155,193,swing
frame=4,6,1165,215,275,203,122,182,swing
frame=4,7,1509,214,257,204,68,196,swing
frame=5,0,999,1514,205,225,85,184,swing
frame=5,1,968,1288,223,226,51,182,swing
frame=5,2,638,0,296,203,129,182,swing
frame=5,3,1487,1075,234,224,137,182,swing
frame=5,4,1204,1506,192,225,88,183,swing
frame=5,5,1625,1527,228,206,135,187,swing
frame=5,6,934,0,294,208,131,182,swing
frame=5,7,530,1059,241,197,70,188,swing
frame=6,0,1661,1299,123,228,50,186,swing
frame=6,1,771,1060,240,214,109,188,swing
frame=6,2,0,1589,297,191,132,189,swing
frame=6,3,1011,1073,238,215,95,188,swing
frame=6,4,1853,1511,130,228,34,186,swing
frame=6,5,1428,1299,233,211,95,181,swing
frame=6,6,320,191,294,181,132,177,swing
frame=6,7,1191,1294,237,212,109,181,swing
frame=7,0,1721,1076,231,222,120,189,swing
frame=7,1,1396,1510,229,211,138,200,swing
frame=7,2,557,414,258,222,109,193,swing
frame=7,3,1249,1074,238,220,57,200,swing
frame=7,4,791,642,249,221,90,188,swing
frame=7,5,1539,861,245,214,71,172,swing
frame=7,6,791,863,255,197,110,166,swing
frame=7,7,1784,1298,227,213,139,172,swing

[cast]
frames=8
duration=800ms
type=play_once
frame=0,0,597,189,220,198,58,161,cast
frame=0,1,1758,594,188,212,66,175,cast
frame=0,2,1553,594,205,206,92,180,cast
frame=0,3,1522,1009,189,212,96,175,cast
frame=0,4,817,189,224,198,119,161,cast
frame=0,5,221,179,190,197,96,173,cast
frame=0,6,1224,0,206,191,92,190,cast
frame=0,7,411,179,186,197,66,173,cast
frame=1,0,1041,191,222,198,59,160,cast
frame=1,1,1728,806,191,211,67,174,cast
frame=1,2,641,587,203,204,92,178,cast
frame=1,3,0,567,190,209,97,174,cast
frame=1,4,1263,192,226,198,120,160,cast
frame=1,5,1723,193,190,199,96,174,cast
frame=1,6,1430,0,205,192,92,191,cast
frame=1,7,0,368,191,199,67,174,cast
frame=2,0,1489,193,234,198,65,154,cast
frame=2,1,306,788,199,208,73,168,cast
frame=2,2,707,387,221,200,102,174,cast
frame=2,3,1528,800,200,209,104,169,cast
frame=2,4,191,376,234,198,124,154,cast
frame=2,5,844,590,199,204,104,175,cast
frame=2,6,0,173,221,195,103,192,cast
frame=2,7,1043,591,200,204,74,175,cast
frame=3,0,1613,392,239,202,72,148,cast
frame=3,1,190,574,223,202,76,157,cast
frame=3,2,1635,0,282,193,132,163,cast
frame=3,3,413,586,228,202,123,157,cast
frame=3,4,928,389,237,201,125,146,cast
frame=3,5,1165,390,228,201,123,175,cast
frame=3,6,425,387,282,199,133,192,cast
frame=3,7,1393,391,220,201,76,175,cast
frame=4,0,1707,1241,230,238,75,213,cast
frame=4,1,505,791,247,208,55,173,cast
frame=4,2,0,0,303,173,125,145,cast
frame=4,3,752,794,233,208,146,173,cast
frame=4,4,965,1438,226,238,115,213,cast
frame=4,5,1711,1017,234,224,146,223,cast
frame=4,6,1229,797,299,208,125,196,cast
frame=4,7,1461,1221,246,225,54,223,cast
frame=5,0,1427,1446,236,242,75,215,cast
frame=5,1,490,999,247,210,55,176,cast
frame=5,2,303,0,310,179,128,149,cast
frame=5,3,737,1002,237,210,145,177,cast
frame=5,4,1191,1438,236,240,120,216,cast
frame=5,5,978,1213,237,225,145,225,cast
frame=5,6,1216,1005,306,209,128,198,cast
frame=5,7,1215,1214,246,224,54,224,cast
frame=6,0,724,1426,241,237,74,205,cast
frame=6,1,244,1205,246,211,54,171,cast
frame=6,2,613,0,308,189,130,159,cast
frame=6,3,974,1003,242,210,148,171,cast
frame=6,4,483,1421,241,235,125,205,cast
frame=6,5,490,1209,242,212,148,215,cast
frame=6,6,1243,592,310,205,130,196,cast
frame=6,7,732,1213,246,213,54,215,cast
frame=7,0,243,1416,240,233,73,200,cast
frame=7,1,245,996,245,209,53,168,cast
frame=7,2,921,0,303,189,130,163,cast
frame=7,3,0,1191,244,210,149,168,cast
frame=7,4,0,1401,243,232,124,200,cast
frame=7,5,985,795,244,208,149,212,cast
frame=7,6,0,776,306,207,129,200,cast
frame=7,7,0,983,245,208,53,212,cast

[shoot]
frames=8
duration=800ms
type=play_once
frame=0,0,597,189,220,198,58,161,cast
frame=0,1,1758,594,188,212,66,175,cast
frame=0,2,1553,594,205,206,92,180,cast
frame=0,3,1522,1009,189,212,96,175,cast
frame=0,4,817,189,224,198,119,161,cast
frame=0,5,221,179,190,197,96,173,cast
frame=0,6,1224,0,206,191,92,190,cast
frame=0,7,411,179,186,197,66,173,cast
frame=1,0,1041,191,222,198,59,160,cast
frame=1,1,1728,806,191,211,67,174,cast
frame=1,2,641,587,203,204,92,178,cast
frame=1,3,0,567,190,209,97,174,cast
frame=1,4,1263,192,226,198,120,160,cast
frame=1,5,1723,193,190,199,96,174,cast
frame=1,6,1430,0,205,192,92,191,cast
frame=1,7,0,368,191,199,67,174,cast
frame=2,0,1489,193,234,198,65,154,cast
frame=2,1,306,788,199,208,73,168,cast
frame=2,2,707,387,221,200,102,174,cast
frame=2,3,1528,800,200,209,104,169,cast
frame=2,4,191,376,234,198,124,154,cast
frame=2,5,844,590,199,204,104,175,cast
frame=2,6,0,173,221,195,103,192,cast
frame=2,7,1043,591,200,204,74,175,cast
frame=3,0,1613,392,239,202,72,148,cast
frame=3,1,190,574,223,202,76,157,cast
frame=3,2,1635,0,282,193,132,163,cast
frame=3,3,413,586,228,202,123,157,cast
frame=3,4,928,389,237,201,125,146,cast
frame=3,5,1165,390,228,201,123,175,cast
frame=3,6,425,387,282,199,133,192,cast
frame=3,7,1393,391,220,201,76,175,cast
frame=4,0,1707,1241,230,238,75,213,cast
frame=4,1,505,791,247,208,55,173,cast
frame=4,2,0,0,303,173,125,145,cast
frame=4,3,752,794,233,208,146,173,cast
frame=4,4,965,1438,226,238,115,213,cast
frame=4,5,1711,1017,234,224,146,223,cast
frame=4,6,1229,797,299,208,125,196,cast
frame=4,7,1461,1221,246,225,54,223,cast
frame=5,0,1427,1446,236,242,75,215,cast
frame=5,1,490,999,247,210,55,176,cast
frame=5,2,303,0,310,179,128,149,cast
frame=5,3,737,1002,237,210,145,177,cast
frame=5,4,1191,1438,236,240,120,216,cast
frame=5,5,978,1213,237,225,145,225,cast
frame=5,6,1216,1005,306,209,128,198,cast
frame=5,7,1215,1214,246,224,54,224,cast
frame=6,0,724,1426,241,237,74,205,cast
frame=6,1,244,1205,246,211,54,171,cast
frame=6,2,613,0,308,189,130,159,cast
frame=6,3,974,1003,242,210,148,171,cast
frame=6,4,483,1421,241,235,125,205,cast
frame=6,5,490,1209,242,212,148,215,cast
frame=6,6,1243,592,310,205,130,196,cast
frame=6,7,732,1213,246,213,54,215,cast
frame=7,0,243,1416,240,233,73,200,cast
frame=7,1,245,996,245,209,53,168,cast
frame=7,2,921,0,303,189,130,163,cast
frame=7,3,0,1191,244,210,149,168,cast
frame=7,4,0,1401,243,232,124,200,cast
frame=7,5,985,795,244,208,149,212,cast
frame=7,6,0,776,306,207,129,200,cast
frame=7,7,0,983,245,208,53,212,cast

[dash_attack]
frames=8
duration=400ms
type=play_once
active_frame=0
frame=0,0,709,1512,232,225,74,184,dash_attack
frame=0,1,817,914,247,198,93,167,dash_attack
frame=0,2,203,906,306,195,135,169,dash_attack
frame=0,3,1064,916,250,198,117,168,dash_attack
frame=0,4,1175,1522,235,228,118,185,dash_attack
frame=0,5,498,1310,254,200,117,181,dash_attack
frame=0,6,1130,1120,306,199,135,190,dash_attack
frame=0,7,1314,922,247,198,93,180,dash_attack
frame=1,0,0,1101,228,198,67,176,dash_attack
frame=1,1,1297,540,198,187,52,160,dash_attack
frame=1,2,0,1498,242,202,101,167,dash_attack
frame=1,3,421,717,212,189,110,161,dash_attack
frame=1,4,242,1501,234,203,123,178,dash_attack
frame=1,5,617,171,210,178,109,180,dash_attack
frame=1,6,633,720,243,189,101,180,dash_attack
frame=1,7,1158,0,198,175,52,177,dash_attack
frame=2,0,773,351,223,184,62,170,dash_attack
frame=2,1,395,348,188,183,48,155,dash_attack
frame=2,2,228,1101,205,198,81,161,dash_attack
frame=2,3,1434,175,193,181,104,155,dash_attack
frame=2,4,426,532,233,185,125,170,dash_attack
frame=2,5,384,0,196,171,104,175,dash_attack
frame=2,6,0,347,206,182,81,177,dash_attack
frame=2,7,580,0,190,171,49,175,dash_attack
frame=3,0,0,715,223,187,49,176,dash_attack
frame=3,1,996,355,193,184,35,153,dash_attack
frame=3,2,0,902,203,196,72,153,dash_attack
frame=3,3,827,172,192,179,107,146,dash_attack
frame=3,4,389,171,228,177,138,161,dash_attack
frame=3,5,0,0,195,166,119,172,dash_attack
frame=3,6,1019,175,202,180,88,182,dash_attack
frame=3,7,0,166,187,176,43,186,dash_attack
frame=4,0,1189,355,224,184,69,167,dash_attack
frame=4,1,583,349,190,183,58,158,dash_attack
frame=4,2,1436,1120,201,201,86,168,dash_attack
frame=4,3,1413,356,195,184,104,163,dash_attack
frame=4,4,659,535,232,185,118,175,dash_attack
frame=4,5,963,0,195,172,93,176,dash_attack
frame=4,6,0,529,201,185,72,178,dash_attack
frame=4,7,195,0,189,169,48,169,dash_attack
frame=5,0,201,531,225,184,75,171,dash_attack
frame=5,1,206,348,189,182,57,163,dash_attack
frame=5,2,433,1104,206,198,81,171,dash_attack
frame=5,3,1096,539,201,186,96,163,dash_attack
frame=5,4,876,725,233,189,112,175,dash_attack
frame=5,5,1356,0,194,175,94,176,dash_attack
frame=5,6,891,539,205,185,80,174,dash_attack
frame=5,7,770,0,193,171,58,171,dash_attack
frame=6,0,752,1312,229,200,74,178,dash_attack
frame=6,1,223,715,198,190,57,164,dash_attack
frame=6,2,639,1112,243,198,102,172,dash_attack
frame=6,3,1353,727,211,195,104,168,dash_attack
frame=6,4,476,1510,233,205,116,181,dash_attack
frame=6,5,1221,175,213,180,104,181,dash_attack
frame=6,6,1109,727,244,189,101,178,dash_attack
frame=6,7,187,171,202,176,58,176,dash_attack
frame=7,0,941,1519,234,227,76,185,dash_attack
frame=7,1,882,1114,248,198,94,169,dash_attack
frame=7,2,509,909,308,195,135,171,dash_attack
frame=7,3,0,1299,250,199,115,170,dash_attack
frame=7,4,1410,1522,234,228,116,186,dash_attack
frame=7,5,1288,1321,252,201,115,181,dash_attack
frame=7,6,981,1319,307,200,135,189,dash_attack
frame=7,7,250,1302,248,199,94,180,dash_attack

[hit]
frames=8
duration=533ms
type=play_once
active_frame=0
frame=0,0,1347,393,220,244,65,201,hit
frame=0,1,580,349,258,207,113,184,hit
frame=0,2,0,580,299,200,131,180,hit
frame=0,3,301,509,252,206,105,184,hit
frame=0,4,1567,388,223,244,111,201,hit
frame=0,5,838,375,256,224,105,191,hit
frame=0,6,1320,0,300,187,131,185,hit
frame=0,7,0,1221,258,226,113,191,hit
frame=1,0,953,1028,203,234,66,186,hit
frame=1,1,936,181,284,194,132,170,hit
frame=1,2,995,0,325,181,143,167,hit
frame=1,3,1094,393,253,207,107,176,hit
frame=1,4,500,1363,214,243,98,193,hit
frame=1,5,0,780,279,217,117,185,hit
frame=1,6,0,0,326,184,151,182,hit
frame=1,7,0,997,263,224,111,180,hit
frame=2,0,1334,1037,172,228,59,179,hit
frame=2,1,637,175,299,174,141,154,hit
frame=2,2,326,0,335,174,149,161,hit
frame=2,3,540,769,233,214,106,174,hit
frame=2,4,1156,1037,178,246,79,193,hit
frame=2,5,0,376,301,204,129,180,hit
frame=2,6,661,0,334,175,155,172,hit
frame=2,7,1620,0,242,213,91,167,hit
frame=3,0,717,1203,209,221,71,164,hit
frame=3,1,0,1447,272,179,126,145,hit
frame=3,2,0,184,317,192,142,150,hit
frame=3,3,1281,637,241,184,116,143,hit
frame=3,4,1236,821,228,216,118,163,hit
frame=3,5,317,325,263,184,121,157,hit
frame=3,6,326,174,311,151,147,141,hit
frame=3,7,773,794,233,211,91,161,hit
frame=4,0,1464,821,152,195,70,148,hit
frame=4,1,1135,1283,202,177,74,135,hit
frame=4,2,299,715,241,160,106,131,hit
frame=4,3,926,1262,209,164,106,128,hit
frame=4,4,1527,1202,172,176,70,128,hit
frame=4,5,1115,1460,201,164,109,134,hit
frame=4,6,258,1289,233,147,116,134,hit
frame=4,7,1506,1016,199,186,79,151,hit
frame=5,0,1690,1381,170,150,71,124,hit
frame=5,1,1705,632,158,161,61,133,hit
frame=5,2,1533,1378,157,179,60,144,hit
frame=5,3,1705,944,155,167,77,140,hit
frame=5,4,1616,793,193,151,87,128,hit
frame=5,5,1522,637,169,138,76,125,hit
frame=5,6,1699,1249,160,132,72,120,hit
frame=5,7,1705,1111,151,138,50,125,hit
frame=6,0,741,1005,212,198,70,158,hit
frame=6,1,1337,1265,190,187,74,156,hit
frame=6,2,263,1086,235,203,102,164,hit
frame=6,3,915,1426,200,188,96,160,hit
frame=6,4,272,1436,228,185,117,150,hit
frame=6,5,1337,1452,196,178,93,151,hit
frame=6,6,519,983,222,146,99,139,hit
frame=6,7,714,1424,201,182,77,155,hit
frame=7,0,498,1129,219,234,67,190,hit
frame=7,1,1040,600,241,199,104,174,hit
frame=7,2,1220,187,281,206,124,175,hit
frame=7,3,798,599,242,195,106,171,hit
frame=7,4,1006,799,230,229,118,187,hit
frame=7,5,279,875,240,211,103,178,hit
frame=7,6,1501,213,281,175,122,171,hit
frame=7,7,553,556,245,213,106,180,hit

[die]
frames=8
duration=1066ms
type=play_once
active_frame=0
frame=0,0,478,851,218,223,74,175,die
frame=0,1,0,947,261,185,104,153,die
frame=0,2,0,188,319,168,145,148,die
frame=0,3,0,753,257,194,120,160,die
frame=0,4,261,851,217,232,107,182,die
frame=0,5,0,356,262,203,121,173,die
frame=0,6,0,0,322,188,144,177,die
frame=0,7,0,559,263,194,103,166,die
frame=1,0,1303,293,197,201,68,160,die
frame=1,1,572,372,244,159,95,133,die
frame=1,2,632,0,300,139,134,116,die
frame=1,3,1067,293,236,184,108,150,die
frame=1,4,1500,268,192,223,96,172,die
frame=1,5,263,551,247,195,116,165,die
frame=1,6,322,0,310,168,141,151,die
frame=1,7,828,286,239,178,98,154,die
frame=2,0,1409,829,164,171,64,146,die
frame=2,1,696,976,202,158,79,127,die
frame=2,2,1148,152,251,141,101,106,die
frame=2,3,1032,814,194,164,78,141,die
frame=2,4,1709,0,155,199,78,158,die
frame=2,5,1037,562,206,173,95,144,die
frame=2,6,932,0,260,150,124,126,die
frame=2,7,1469,656,203,156,92,137,die
frame=3,0,1692,321,172,171,67,139,die
frame=3,1,1672,667,183,154,71,123,die
frame=3,2,319,284,253,125,113,90,die
frame=3,3,1293,494,221,158,100,126,die
frame=3,4,510,551,165,190,90,152,die
frame=3,5,696,797,197,179,95,146,die
frame=3,6,1192,0,260,152,116,124,die
frame=3,7,810,553,227,148,97,130,die
frame=4,0,1682,492,166,175,68,129,die
frame=4,1,898,978,161,163,59,114,die
frame=4,2,1452,144,257,124,125,82,die
frame=4,3,262,409,251,142,131,91,die
frame=4,4,1573,821,156,170,85,128,die
frame=4,5,1226,829,183,170,101,131,die
frame=4,6,1452,0,257,144,114,110,die
frame=4,7,891,150,257,136,104,117,die
frame=5,0,1514,491,168,165,68,113,die
frame=5,1,1059,978,150,160,53,99,die
frame=5,2,263,746,252,105,123,70,die
frame=5,3,632,139,259,110,140,65,die
frame=5,4,1209,999,158,147,88,98,die
frame=5,5,1367,1000,150,153,85,106,die
frame=5,6,579,249,249,123,117,87,die
frame=5,7,322,168,257,116,108,96,die
frame=6,0,1517,1000,162,133,69,82,die
frame=6,1,675,531,135,143,51,79,die
frame=6,2,808,701,224,96,104,52,die
frame=6,3,816,464,239,89,132,49,die
frame=6,4,1679,991,161,116,91,61,die
frame=6,5,893,797,139,127,80,75,die
frame=6,6,1237,738,220,91,114,55,die
frame=6,7,1055,477,238,85,105,63,die
frame=7,0,1709,199,155,122,69,73,die
frame=7,1,1729,821,127,134,51,71,die
frame=7,2,486,1074,209,92,94,46,die
frame=7,3,1243,652,226,86,124,47,die
frame=7,4,515,741,157,110,87,53,die
frame=7,5,675,674,133,115,75,62,die
frame=7,6,1032,735,205,79,111,43,die
frame=7,7,261,1083,225,72,102,49,die

[critdie]
frames=8
duration=1066ms
type=play_once
active_frame=0
frame=0,0,478,851,218,223,74,175,die
frame=0,1,0,947,261,185,104,153,die
frame=0,2,0,188,319,168,145,148,die
frame=0,3,0,753,257,194,120,160,die
frame=0,4,261,851,217,232,107,182,die
frame=0,5,0,356,262,203,121,173,die
frame=0,6,0,0,322,188,144,177,die
frame=0,7,0,559,263,194,103,166,die
frame=1,0,1303,293,197,201,68,160,die
frame=1,1,572,372,244,159,95,133,die
frame=1,2,632,0,300,139,134,116,die
frame=1,3,1067,293,236,184,108,150,die
frame=1,4,1500,268,192,223,96,172,die
frame=1,5,263,551,247,195,116,165,die
frame=1,6,322,0,310,168,141,151,die
frame=1,7,828,286,239,178,98,154,die
frame=2,0,1409,829,164,171,64,146,die
frame=2,1,696,976,202,158,79,127,die
frame=2,2,1148,152,251,141,101,106,die
frame=2,3,1032,814,194,164,78,141,die
frame=2,4,1709,0,155,199,78,158,die
frame=2,5,1037,562,206,173,95,144,die
frame=2,6,932,0,260,150,124,126,die
frame=2,7,1469,656,203,156,92,137,die
frame=3,0,1692,321,172,171,67,139,die
frame=3,1,1672,667,183,154,71,123,die
frame=3,2,319,284,253,125,113,90,die
frame=3,3,1293,494,221,158,100,126,die
frame=3,4,510,551,165,190,90,152,die
frame=3,5,696,797,197,179,95,146,die
frame=3,6,1192,0,260,152,116,124,die
frame=3,7,810,553,227,148,97,130,die
frame=4,0,1682,492,166,175,68,129,die
frame=4,1,898,978,161,163,59,114,die
frame=4,2,1452,144,257,124,125,82,die
frame=4,3,262,409,251,142,131,91,die
frame=4,4,1573,821,156,170,85,128,die
frame=4,5,1226,829,183,170,101,131,die
frame=4,6,1452,0,257,144,114,110,die
frame=4,7,891,150,257,136,104,117,die
frame=5,0,1514,491,168,165,68,113,die
frame=5,1,1059,978,150,160,53,99,die
frame=5,2,263,746,252,105,123,70,die
frame=5,3,632,139,259,110,140,65,die
frame=5,4,1209,999,158,147,88,98,die
frame=5,5,1367,1000,150,153,85,106,die
frame=5,6,579,249,249,123,117,87,die
frame=5,7,322,168,257,116,108,96,die
frame=6,0,1517,1000,162,133,69,82,die
frame=6,1,675,531,135,143,51,79,die
frame=6,2,808,701,224,96,104,52,die
frame=6,3,816,464,239,89,132,49,die
frame=6,4,1679,991,161,116,91,61,die
frame=6,5,893,797,139,127,80,75,die
frame=6,6,1237,738,220,91,114,55,die
frame=6,7,1055,477,238,85,105,63,die
frame=7,0,1709,199,155,122,69,73,die
frame=7,1,1729,821,127,134,51,71,die
frame=7,2,486,1074,209,92,94,46,die
frame=7,3,1243,652,226,86,124,47,die
frame=7,4,515,741,157,110,87,53,die
frame=7,5,675,674,133,115,75,62,die
frame=7,6,1032,735,205,79,111,43,die
frame=7,7,261,1083,225,72,102,49,die
