image=images/avatar/female/maul.png
#flare_sprite_packer_input=64 133 77 137 123 114 122 94 82 95 62 95 106 90 109 109 63 135 77 138 122 115 122 98 82 97 61 95 106 92 109 111 62 135 77 138 121 117 121 97 81 98 61 97 106 93 106 113 63 136 72 139 121 120 122 99 83 98 61 97 105 94 107 112 106 79 81 118 57 124 115 105 131 83 93 93 54 98 114 78 121 97 80 127 57 135 115 119 130 92 94 94 54 92 106 89 95 120 66 142 64 147 117 132 123 108 88 108 61 108 93 106 71 131 68 144 60 151 95 145 106 132 86 123 62 124 73 122 78 134 73 145 61 151 78 148 85 145 81 139 65 136 78 135 71 128 67 144 60 151 94 146 108 133 87 124 62 125 73 122 106 120 64 140 70 147 118 132 122 107 86 109 56 108 100 106 122 101 74 129 61 134 118 112 130 91 91 92 55 93 106 89 132 158 82 170 131 152 153 133 121 168 78 183 137 166 161 142 106 165 85 163 95 162 95 166 86 177 78 184 101 186 114 177 103 93 100 119 58 139 90 138 127 115 119 102 76 101 74 98 119 72 107 73 68 105 69 105 120 75 121 78 74 102 63 101 70 128 72 134 121 114 125 93 88 93 60 91 107 86 114 103 76 123 64 131 119 110 126 88 91 88 60 89 105 81 116 94 81 126 57 137 111 127 128 97 100 96 58 95 97 91 117 98 111 97 55 123 77 123 125 98 123 85 78 87 64 85 116 76 102 46 108 58 65 88 51 92 105 71 115 51 75 63 46 66 91 65 70 77 35 107 69 102 109 81 100 65 49 67 56 67 79 86 42 85 68 45 78 42 78 42 43 52 87 51 106 57 57 69 61 65 91 33 105 30 60 54 59 55 105 31 106 46 59 146 84 148 116 134 109 115 73 117 71 114 94 112 71 123 76 160 93 157 93 173 84 185 87 186 120 178 120 163 93 160 90 171 149 142 146 154 92 184 103 185 156 155 155 148 108 172 74 147 115 132 144 129 121 162 67 181 124 167 155 134 132 134 80 124 75 117 87 125 81 145 78 158 88 158 111 147 107 127 84 121 87 124 114 129 105 153 77 167 104 165 130 143 129 126 87 127 105 131 95 158 78 166 106 163 125 141 121 129 80 120 71 154 76 158 108 154 111 133 99 128 78 120 81 119 89 137
#flare_sprite_packer_output=977 696 579 154 877 582 671 566 461 708 966 952 1359 905 1367 684 1345 438 1268 287 669 660 542 840 461 611 1635 1095 1465 906 1367 573 501 1166 308 1027 1847 162 1827 667 461 803 1766 1187 1571 911 1682 834 1061 1139 1968 0 672 446 664 860 1464 1094 1766 1284 539 938 1359 793 291 1324 1199 1283 790 1154 1598 575 1714 238 1132 1059 1891 958 1713 653 1131 812 1035 832 1004 1140 1131 693 1845 279 1945 996 1411 995 1788 866 1945 876 892 134 254 653 1482 167 1712 321 1952 526 1280 1283 742 1048 1201 1152 1199 419 1139 421 579 291 1516 438 949 829 835 1278 388 761 1072 287 388 616 1345 287 1267 425 793 428 1517 299 1975 273 563 1151 977 1275 512 288 248 1027 1622 429 1408 432 661 1279 728 1154 1341 1277 1785 955 350 1165 318 652 1150 287 1827 560 1028 959 1846 1075 642 1048 1476 570 1334 158 1295 1006 270 800 1835 371 1949 634 972 1047 644 959 1219 0 188 857 1351 0 922 0 1606 0 170 1047 0 155 156 0 120 321 232 142 355 454 137 155 114 499 92 1047 0 861 0 499 1114 966 542 1032 385 1026 1041 694 1000 579 1827 764 1696 1086 1772 1075 1248 683 1252 882 835 1047 903 1047 1727 163 1476 671 514 1301 1634 1190 1048 1275 1968 139 1127 579 543 747 1547 1095 1963 1308 1575 825 1713 731 928 1152 1272 1152 1248 573 543 659 810 959 750 959 1662 1005 1597 680 847 1152 1336 1140 1716 429 543 562 1465 998 1905 1308 1565 1004 397 1305 1716 556 1356 1006 1124 1152 1827 462 668 775 1827 1183 1827 1312 1476 749 1937 1155 1677 947 901 959 1894 866 1027 1068 1592 774 1456 1257 1414 1337 1464 1192 1225 1075 1902 1056 1697 1187 1466 825 1937 1090 1517 1320 1566 1319 1555 1188 1414 1252 1531 1274 1217 1006 1827 1270 248 1178 1272 955 1115 909 1460 1320 1622 1291 1948 726 1905 1247 1683 1346 1683 1291 1905 1277 1905 1201 291 1178 872 276 956 287 270 912 588 1286 379 912 1946 764 1393 1129 436 291 674 289 198 1230 103 676 101 861 0 321 1727 0 450 451 108 1231 618 0 472 0 0 1047 0 676 0 0 317 0 0 1231 1408 152 1599 168 1075 0 1847 0 187 676 1482 0 767 0 447 154 897 1278 1965 409 641 1154 791 694 878 424 1051 421 656 142 1252 755 793 573 748 1279 1598 300 767 275 200 486 226 321 317 148 543 436 414 1166 872 696 956 421 277 486 330 291 767 134 1213 158 791 839 1066 133 1137 129 958 133 1406 299 443 1038 871 839 1118 1275 450 901


[stance]
frames=4
duration=800ms
type=back_forth
frame=0,0,977,696,64,133,25,153
frame=0,1,579,154,77,137,-21,147
frame=0,2,877,582,123,114,-8,118
frame=0,3,671,566,122,94,11,85
frame=0,4,461,708,82,95,27,67
frame=0,5,966,952,62,95,69,76
frame=0,6,1359,905,106,90,104,104
frame=0,7,1367,684,109,109,83,136
frame=1,0,1345,438,63,135,24,155
frame=1,1,1268,287,77,138,-21,148
frame=1,2,669,660,122,115,-9,119
frame=1,3,542,840,122,98,11,86
frame=1,4,461,611,82,97,26,69
frame=1,5,1635,1095,61,95,69,77
frame=1,6,1465,906,106,92,104,106
frame=1,7,1367,573,109,111,84,138
frame=2,0,501,1166,62,135,23,156
frame=2,1,308,1027,77,138,-21,149
frame=2,2,1847,162,121,117,-10,121
frame=2,3,1827,667,121,97,9,88
frame=2,4,461,803,81,98,25,71
frame=2,5,1766,1187,61,97,69,79
frame=2,6,1571,911,106,93,104,108
frame=2,7,1682,834,106,113,84,140
frame=3,0,1061,1139,63,136,26,157
frame=3,1,1968,0,72,139,-22,150
frame=3,2,672,446,121,120,-11,123
frame=3,3,664,860,122,99,8,90
frame=3,4,1464,1094,83,98,25,72
frame=3,5,1766,1284,61,97,66,79
frame=3,6,539,938,105,94,103,107
frame=3,7,1359,793,107,112,86,139

[run]
frames=8
duration=533ms
type=looped
frame=0,0,291,1324,106,79,67,112
frame=0,1,1199,1283,81,118,26,126
frame=0,2,790,1154,57,124,-13,122
frame=0,3,1598,575,115,105,17,102
frame=0,4,1714,238,131,83,39,76
frame=0,5,1132,1059,93,93,41,71
frame=0,6,1891,958,54,98,49,82
frame=0,7,1713,653,114,78,78,86
frame=1,0,1131,812,121,97,79,124
frame=1,1,1035,832,80,127,33,142
frame=1,2,1004,1140,57,135,-15,140
frame=1,3,1131,693,115,119,5,120
frame=1,4,1845,279,130,92,25,92
frame=1,5,1945,996,94,94,32,73
frame=1,6,1411,995,54,92,45,75
frame=1,7,1788,866,106,89,84,96
frame=2,0,1945,876,95,120,87,146
frame=2,1,892,134,66,142,37,164
frame=2,2,254,653,64,147,-16,162
frame=2,3,1482,167,117,132,-10,141
frame=2,4,1712,321,123,108,2,112
frame=2,5,1952,526,88,108,16,91
frame=2,6,1280,1283,61,108,48,93
frame=2,7,742,1048,93,106,92,117
frame=3,0,1201,1152,71,131,86,158
frame=3,1,1199,419,68,144,47,177
frame=3,2,1139,421,60,151,-13,179
frame=3,3,579,291,95,145,-31,161
frame=3,4,1516,438,106,132,-24,137
frame=3,5,949,829,86,123,-1,118
frame=3,6,835,1278,62,124,34,116
frame=3,7,388,761,73,122,82,134
frame=4,0,1072,287,78,134,77,162
frame=4,1,388,616,73,145,48,183
frame=4,2,1345,287,61,151,-4,188
frame=4,3,1267,425,78,148,-37,172
frame=4,4,793,428,85,145,-38,149
frame=4,5,1517,299,81,139,-11,133
frame=4,6,1975,273,65,136,25,130
frame=4,7,563,1151,78,135,69,143
frame=5,0,977,1275,71,128,85,159
frame=5,1,512,288,67,144,46,177
frame=5,2,248,1027,60,151,-13,179
frame=5,3,1622,429,94,146,-32,162
frame=5,4,1408,432,108,133,-23,137
frame=5,5,661,1279,87,124,1,119
frame=5,6,728,1154,62,125,34,117
frame=5,7,1341,1277,73,122,82,134
frame=6,0,1785,955,106,120,85,146
frame=6,1,350,1165,64,140,34,163
frame=6,2,318,652,70,147,-16,162
frame=6,3,1150,287,118,132,-9,140
frame=6,4,1827,560,122,107,5,111
frame=6,5,1028,959,86,109,19,92
frame=6,6,1846,1075,56,108,49,95
frame=6,7,642,1048,100,106,91,118
frame=7,0,1476,570,122,101,76,124
frame=7,1,1334,158,74,129,29,141
frame=7,2,1295,1006,61,134,-12,138
frame=7,3,270,800,118,112,9,117
frame=7,4,1835,371,130,91,27,89
frame=7,5,1949,634,91,92,31,72
frame=7,6,972,1047,55,93,48,76
frame=7,7,644,959,106,89,84,96

[swing]
frames=4
duration=400ms
type=play_once
frame=0,0,1219,0,132,158,1,177
frame=0,1,188,857,82,170,-11,170
frame=0,2,1351,0,131,152,45,155
frame=0,3,922,0,153,133,79,159
frame=0,4,1606,0,121,168,81,189
frame=0,5,170,1047,78,183,40,209
frame=0,6,0,155,137,166,44,209
frame=0,7,156,0,161,142,29,188
frame=1,0,120,321,106,165,56,217
frame=1,1,232,142,85,163,9,220
frame=1,2,355,454,95,162,-9,213
frame=1,3,137,155,95,166,-16,197
frame=1,4,114,499,86,177,-6,185
frame=1,5,92,1047,78,184,15,183
frame=1,6,0,861,101,186,48,188
frame=1,7,0,499,114,177,72,203
frame=2,0,1114,966,103,93,145,114
frame=2,1,542,1032,100,119,105,160
frame=2,2,385,1026,58,139,17,180
frame=2,3,1041,694,90,138,-46,165
frame=2,4,1000,579,127,115,-47,121
frame=2,5,1827,764,119,102,-19,75
frame=2,6,1696,1086,76,101,23,54
frame=2,7,1772,1075,74,98,105,71
frame=3,0,1248,683,119,72,121,76
frame=3,1,1252,882,107,73,100,108
frame=3,2,835,1047,68,105,28,131
frame=3,3,903,1047,69,105,-27,120
frame=3,4,1727,163,120,75,-19,82
frame=3,5,1476,671,121,78,3,51
frame=3,6,514,1301,74,102,26,55
frame=3,7,1634,1190,63,101,82,66

[block]
frames=2
duration=66ms
type=play_once
frame=0,0,1048,1275,70,128,23,149
frame=0,1,1968,139,72,134,-26,142
frame=0,2,1127,579,121,114,-8,113
frame=0,3,543,747,125,93,17,80
frame=0,4,1547,1095,88,93,35,64
frame=0,5,1963,1308,60,91,71,72
frame=0,6,1575,825,107,86,104,101
frame=0,7,1713,731,114,103,81,133
frame=1,0,928,1152,76,123,22,143
frame=1,1,1272,1152,64,131,-32,135
frame=1,2,1248,573,119,110,-8,106
frame=1,3,543,659,126,88,22,74
frame=1,4,810,959,91,88,43,58
frame=1,5,750,959,60,89,73,69
frame=1,6,1662,1005,105,81,104,95
frame=1,7,1597,680,116,94,78,127

[hit]
frames=2
duration=133ms
type=play_once
frame=0,0,847,1152,81,126,47,150
frame=0,1,1336,1140,57,137,-18,152
frame=0,2,1716,429,111,127,-14,131
frame=0,3,543,562,128,97,4,98
frame=0,4,1465,998,100,96,22,72
frame=0,5,1905,1308,58,95,45,71
frame=0,6,1565,1004,97,91,97,93
frame=0,7,397,1305,117,98,97,126
frame=1,0,1716,556,111,97,78,123
frame=1,1,1356,1006,55,123,11,139
frame=1,2,1124,1152,77,123,-20,129
frame=1,3,1827,462,125,98,-2,99
frame=1,4,668,775,123,85,19,66
frame=1,5,1827,1183,78,87,32,55
frame=1,6,1827,1312,64,85,75,65
frame=1,7,1476,749,116,76,104,90

[die]
frames=6
duration=800ms
type=play_once
frame=0,0,847,1152,81,126,47,150
frame=0,1,1336,1140,57,137,-18,152
frame=0,2,1716,429,111,127,-14,131
frame=0,3,543,562,128,97,4,98
frame=0,4,1465,998,100,96,22,72
frame=0,5,1905,1308,58,95,45,71
frame=0,6,1565,1004,97,91,97,93
frame=0,7,397,1305,117,98,97,126
frame=1,0,1716,556,111,97,78,123
frame=1,1,1356,1006,55,123,11,139
frame=1,2,1124,1152,77,123,-20,129
frame=1,3,1827,462,125,98,-2,99
frame=1,4,668,775,123,85,19,66
frame=1,5,1827,1183,78,87,32,55
frame=1,6,1827,1312,64,85,75,65
frame=1,7,1476,749,116,76,104,90
frame=2,0,1937,1155,102,46,121,45
frame=2,1,1677,947,108,58,94,84
frame=2,2,901,959,65,88,23,105
frame=2,3,1894,866,51,92,-40,93
frame=2,4,1027,1068,105,71,-23,57
frame=2,5,1592,774,115,51,10,16
frame=2,6,1456,1257,75,63,39,10
frame=2,7,1414,1337,46,66,83,26
frame=3,0,1464,1192,91,65,135,74
frame=3,1,1225,1075,70,77,98,115
frame=3,2,1902,1056,35,107,9,130
frame=3,3,1697,1187,69,102,-44,111
frame=3,4,1466,825,109,81,-43,70
frame=3,5,1937,1090,100,65,-14,29
frame=3,6,1517,1320,49,67,25,12
frame=3,7,1566,1319,56,67,99,31
frame=4,0,1555,1188,79,86,135,85
frame=4,1,1414,1252,42,85,53,114
frame=4,2,1531,1274,68,45,-25,106
frame=4,3,1217,1006,78,42,-75,63
frame=4,4,1827,1270,78,42,-70,13
frame=4,5,248,1178,43,52,-21,-12
frame=4,6,1272,955,87,51,81,-8
frame=4,7,1115,909,106,57,144,34
frame=5,0,1460,1320,57,69,123,69
frame=5,1,1622,1291,61,65,52,89
frame=5,2,1948,726,91,33,-16,74
frame=5,3,1905,1247,105,30,-50,29
frame=5,4,1683,1346,60,54,-66,4
frame=5,5,1683,1291,59,55,7,-20
frame=5,6,1905,1277,105,31,105,-29
frame=5,7,1905,1201,106,46,154,20

[cast]
frames=4
duration=400ms
type=play_once
frame=0,0,291,1178,59,146,14,179
frame=0,1,872,276,84,148,-32,169
frame=0,2,956,287,116,134,-30,141
frame=0,3,270,912,109,115,-9,110
frame=0,4,588,1286,73,117,20,95
frame=0,5,379,912,71,114,77,107
frame=0,6,1946,764,94,112,107,136
frame=0,7,1393,1129,71,123,81,165
frame=1,0,436,291,76,160,-1,215
frame=1,1,674,289,93,157,-14,205
frame=1,2,198,1230,93,173,-14,189
frame=1,3,103,676,84,185,0,177
frame=1,4,101,861,87,186,27,177
frame=1,5,0,321,120,178,73,189
frame=1,6,1727,0,120,163,78,205
frame=1,7,450,451,93,160,39,215
frame=2,0,108,1231,90,171,17,185
frame=2,1,618,0,149,142,46,168
frame=2,2,472,0,146,154,54,185
frame=2,3,0,1047,92,184,40,200
frame=2,4,0,676,103,185,35,206
frame=2,5,0,0,156,155,56,197
frame=2,6,317,0,155,148,47,180
frame=2,7,0,1231,108,172,13,190
frame=3,0,1408,152,74,147,-18,165
frame=3,1,1599,168,115,132,10,146
frame=3,2,1075,0,144,129,37,149
frame=3,3,1847,0,121,162,49,163
frame=3,4,187,676,67,181,43,177
frame=3,5,1482,0,124,167,68,186
frame=3,6,767,0,155,134,71,182
frame=3,7,447,154,132,134,35,168

[shoot]
frames=4
duration=400ms
type=play_once
frame=0,0,897,1278,80,124,27,140
frame=0,1,1965,409,75,117,41,144
frame=0,2,641,1154,87,125,41,158
frame=0,3,791,694,81,145,24,166
frame=0,4,878,424,78,158,7,164
frame=0,5,1051,421,88,158,-1,158
frame=0,6,656,142,111,147,26,150
frame=0,7,1252,755,107,127,40,143
frame=1,0,793,573,84,121,33,139
frame=1,1,748,1279,87,124,45,149
frame=1,2,1598,300,114,129,42,164
frame=1,3,767,275,105,153,28,172
frame=1,4,200,486,77,167,6,169
frame=1,5,226,321,104,165,13,163
frame=1,6,317,148,130,143,45,153
frame=1,7,543,436,129,126,53,144
frame=2,0,414,1166,87,127,50,154
frame=2,1,872,696,105,131,41,169
frame=2,2,956,421,95,158,25,176
frame=2,3,277,486,78,166,-1,170
frame=2,4,330,291,106,163,10,162
frame=2,5,767,134,125,141,40,151
frame=2,6,1213,158,121,129,49,142
frame=2,7,791,839,80,120,34,139
frame=3,0,1066,133,71,154,7,191
frame=3,1,1137,129,76,158,-46,175
frame=3,2,958,133,108,154,-33,150
frame=3,3,1406,299,111,133,7,124
frame=3,4,443,1038,99,128,46,115
frame=3,5,871,839,78,120,79,126
frame=3,6,1118,1275,81,119,97,153
frame=3,7,450,901,89,137,64,183
